,full_name,swim_time_formatted,swim_date
0,"Ledecky, Katie","=""1:53.73""","=""8/9/2016"""
1,"Ledecky, Katie","=""1:54.40""","=""4/8/2021"""
2,"Ledecky, Katie","=""1:54.43""","=""1/16/2016"""
4,"Ledecky, Katie","=""1:54.56""","=""6/8/2018"""
5,"Ledecky, Katie","=""1:54.59""","=""3/6/2020"""
6,"Ledecky, Katie","=""1:54.60""","=""7/26/2018"""
7,"Ledecky, Katie","=""1:54.69""","=""7/25/2017"""
8,"Ledecky, Katie","=""1:54.81""","=""8/8/2016"""
9,"Ledecky, Katie","=""1:54.82""","=""5/13/2016"""
10,"Ledecky, Katie","=""1:54.84""","=""6/28/2017"""
11,"Ledecky, Katie","=""1:54.85""","=""5/13/2016"""
12,"Ledecky, Katie","=""1:54.88""","=""6/29/2016"""
14,"Ledecky, Katie","=""1:55.01""","=""8/8/2016"""
15,"Ledecky, Katie","=""1:55.10""","=""6/28/2016"""
16,"Ledecky, Katie","=""1:55.15""","=""8/9/2018"""
17,"Ledecky, Katie","=""1:55.16""","=""8/9/2018"""
18,"Ledecky, Katie","=""1:55.18""","=""7/26/2017"""
19,"Ledecky, Katie","=""1:55.32""","=""11/30/2018"""
20,"Ledecky, Katie","=""1:55.34""","=""6/3/2017"""
21,"Ledecky, Katie","=""1:55.37""","=""11/12/2015"""
22,"Ledecky, Katie","=""1:55.40""","=""4/8/2021"""
23,"Ledecky, Katie","=""1:55.42""","=""5/18/2018"""
24,"Ledecky, Katie","=""1:55.47""","=""5/21/2021"""
26,"Ledecky, Katie","=""1:55.60""","=""6/28/2016"""
27,"Ledecky, Katie","=""1:55.68""","=""11/8/2019"""
28,"Ledecky, Katie","=""1:55.71""","=""4/14/2016"""
29,"Ledecky, Katie","=""1:55.73""","=""3/3/2016"""
30,"Ledecky, Katie","=""1:55.78""","=""1/10/2019"""
31,"Ledecky, Katie","=""1:55.80""","=""5/18/2019"""
32,"Ledecky, Katie","=""1:55.82""","=""6/8/2018"""
33,"Schmitt, Allison","=""1:55.82""","=""7/26/2018"""
34,"Ledecky, Katie","=""1:55.87""","=""6/28/2017"""
35,"Ledecky, Katie","=""1:55.89""","=""6/22/2019"""
39,"Schmitt, Allison","=""1:56.01""","=""1/17/2020"""
42,"Smith, Leah","=""1:56.06""","=""7/26/2017"""
45,"Ledecky, Katie","=""1:56.19""","=""3/6/2020"""
46,"Ledecky, Katie","=""1:56.19""","=""5/21/2021"""
49,"Ledecky, Katie","=""1:56.24""","=""12/6/2019"""
50,"Ledecky, Katie","=""1:56.25""","=""6/3/2017"""
51,"Ledecky, Katie","=""1:56.26""","=""5/6/2017"""
52,"Ledecky, Katie","=""1:56.27""","=""7/25/2017"""
53,"Ledecky, Katie","=""1:56.28""","=""4/11/2019"""
54,"Ledecky, Katie","=""1:56.28""","=""6/27/2016"""
55,"Ledecky, Katie","=""1:56.31""","=""4/14/2017"""
56,"Smith, Leah","=""1:56.34""","=""7/25/2017"""
57,"Schmitt, Allison","=""1:56.36""","=""8/9/2018"""
58,"Schmitt, Allison","=""1:56.47""","=""12/6/2019"""
59,"Smith, Leah","=""1:56.47""","=""6/28/2016"""
61,"McLaughlin, Katie","=""1:56.48""","=""6/9/2019"""
62,"Schmitt, Allison","=""1:56.52""","=""4/14/2016"""
63,"Ledecky, Katie","=""1:56.54""","=""1/16/2016"""
64,"DeLoof, Gabby","=""1:56.55""","=""7/26/2018"""
67,"Ledecky, Katie","=""1:56.62""","=""3/5/2021"""
68,"Ledecky, Katie","=""1:56.63""","=""11/30/2018"""
69,"Smith, Leah","=""1:56.63""","=""6/29/2016"""
70,"Smith, Leah","=""1:56.64""","=""6/3/2016"""
71,"Ledecky, Katie","=""1:56.65""","=""6/9/2019"""
72,"Ledecky, Katie","=""1:56.66""","=""4/14/2016"""
73,"Smith, Leah","=""1:56.66""","=""6/3/2016"""
74,"Smith, Leah","=""1:56.68""","=""6/28/2017"""
76,"Schmitt, Allison","=""1:56.71""","=""8/9/2018"""
77,"Schmitt, Allison","=""1:56.72""","=""6/29/2016"""
79,"Smith, Leah","=""1:56.73""","=""6/28/2016"""
80,"Ledecky, Katie","=""1:56.75""","=""3/3/2016"""
81,"DeLoof, Gabby","=""1:56.76""","=""7/26/2018"""
82,"Schmitt, Allison","=""1:56.77""","=""12/4/2015"""
83,"Smith, Leah","=""1:56.78""","=""7/26/2018"""
84,"Smith, Leah","=""1:56.81""","=""8/9/2018"""
85,"Ledecky, Katie","=""1:56.83""","=""7/26/2018"""
86,"Margalis, Melanie","=""1:56.84""","=""7/26/2018"""
87,"Schmitt, Allison","=""1:56.87""","=""6/4/2016"""
88,"McLaughlin, Katie","=""1:56.88""","=""8/9/2018"""
89,"Margalis, Melanie","=""1:56.90""","=""6/28/2017"""
92,"Manuel, Simone","=""1:56.92""","=""3/6/2020"""
93,"Smith, Leah","=""1:56.93""","=""7/26/2018"""
95,"Comerford, Mallory","=""1:56.95""","=""6/28/2017"""
96,"Ledecky, Katie","=""1:56.97""","=""5/6/2017"""
98,"Schmitt, Allison","=""1:56.97""","=""8/1/2019"""
99,"Ledecky, Katie","=""1:57.00""","=""5/18/2018"""
100,"Manuel, Simone","=""1:57.01""","=""7/26/2018"""
101,"Smith, Leah","=""1:57.04""","=""7/25/2017"""
102,"Smoliga, Olivia","=""1:57.04""","=""5/14/2021"""
103,"Schmitt, Allison","=""1:57.05""","=""6/28/2016"""
104,"Ledecky, Katie","=""1:57.08""","=""4/11/2019"""
106,"Ledecky, Katie","=""1:57.09""","=""3/5/2021"""
107,"Manuel, Simone","=""1:57.11""","=""6/28/2017"""
109,"Schmitt, Allison","=""1:57.12""","=""7/26/2018"""
112,"Runge, Cierra","=""1:57.16""","=""6/29/2016"""
113,"Margalis, Melanie","=""1:57.17""","=""8/8/2017"""
114,"Ledecky, Katie","=""1:57.19""","=""5/18/2019"""
116,"Manuel, Simone","=""1:57.20""","=""7/26/2018"""
117,"Manuel, Simone","=""1:57.21""","=""12/6/2019"""
118,"Schmitt, Allison","=""1:57.21""","=""7/7/2018"""
119,"McLaughlin, Katie","=""1:57.22""","=""6/9/2019"""
120,"Manuel, Simone","=""1:57.24""","=""5/18/2019"""
121,"Manuel, Simone","=""1:57.25""","=""1/17/2020"""
122,"Smith, Leah","=""1:57.26""","=""5/13/2016"""
123,"Margalis, Melanie","=""1:57.27""","=""6/28/2017"""
124,"Schmitt, Allison","=""1:57.28""","=""11/12/2015"""
126,"Margalis, Melanie","=""1:57.32""","=""7/26/2018"""
128,"Margalis, Melanie","=""1:57.33""","=""6/3/2016"""
129,"McLaughlin, Katie","=""1:57.34""","=""8/9/2018"""
130,"Margalis, Melanie","=""1:57.35""","=""6/28/2016"""
131,"Smith, Leah","=""1:57.35""","=""8/8/2017"""
132,"Cox, Madisyn","=""1:57.38""","=""5/21/2021"""
134,"Ledecky, Katie","=""1:57.39""","=""11/12/2015"""
135,"Smith, Leah","=""1:57.40""","=""6/13/2019"""
136,"Manuel, Simone","=""1:57.41""","=""12/6/2019"""
137,"Smith, Leah","=""1:57.41""","=""7/7/2018"""
138,"Smith, Leah","=""1:57.42""","=""5/13/2016"""
139,"Manuel, Simone","=""1:57.46""","=""11/8/2019"""
140,"Madden, Paige","=""1:57.47""","=""5/14/2021"""
141,"Comerford, Mallory","=""1:57.48""","=""8/9/2018"""
142,"McLaughlin, Katie","=""1:57.48""","=""3/5/2021"""
144,"Margalis, Melanie","=""1:57.49""","=""7/6/2018"""
145,"Ledecky, Katie","=""1:57.50""","=""11/8/2019"""
146,"Smith, Leah","=""1:57.54""","=""4/11/2019"""
150,"Schmitt, Allison","=""1:57.59""","=""5/14/2021"""
151,"Drabot, Katie","=""1:57.61""","=""8/25/2017"""
152,"Manuel, Simone","=""1:57.61""","=""6/22/2019"""
153,"Margalis, Melanie","=""1:57.61""","=""6/28/2016"""
154,"Smith, Leah","=""1:57.61""","=""6/28/2017"""
155,"DeLoof, Gabby","=""1:57.62""","=""7/9/2019"""
156,"Ledecky, Katie","=""1:57.62""","=""1/10/2019"""
157,"McLaughlin, Katie","=""1:57.62""","=""5/25/2019"""
158,"Ledecky, Katie","=""1:57.63""","=""4/14/2017"""
159,"Schmitt, Allison","=""1:57.63""","=""11/8/2019"""
160,"Madden, Paige","=""1:57.64""","=""11/13/2020"""
161,"Smith, Leah","=""1:57.64""","=""7/7/2018"""
162,"Flickinger, Hali","=""1:57.65""","=""6/21/2019"""
163,"Margalis, Melanie","=""1:57.65""","=""6/29/2016"""
164,"McLaughlin, Katie","=""1:57.65""","=""5/21/2021"""
166,"Brown, Erika","=""1:57.68""","=""12/6/2019"""
167,"Nordin, Emma","=""1:57.68""","=""5/14/2021"""
168,"Margalis, Melanie","=""1:57.69""","=""5/6/2017"""
170,"Schmitt, Allison","=""1:57.70""","=""3/8/2019"""
171,"Runge, Cierra","=""1:57.71""","=""6/28/2017"""
172,"Schmitt, Allison","=""1:57.72""","=""3/6/2020"""
173,"Smith, Leah","=""1:57.72""","=""6/3/2017"""
174,"Margalis, Melanie","=""1:57.76""","=""5/6/2017"""
175,"Schmitt, Allison","=""1:57.76""","=""12/6/2019"""
176,"Flickinger, Hali","=""1:57.77""","=""6/21/2019"""
177,"Schmitt, Allison","=""1:57.77""","=""6/28/2016"""
179,"Smith, Leah","=""1:57.79""","=""11/12/2015"""
180,"Margalis, Melanie","=""1:57.80""","=""1/17/2020"""
182,"Smith, Leah","=""1:57.81""","=""5/14/2021"""
183,"Manuel, Simone","=""1:57.82""","=""6/28/2016"""
184,"Madden, Paige","=""1:57.83""","=""5/14/2021"""
185,"Madden, Paige","=""1:57.84""","=""8/1/2019"""
186,"Manuel, Simone","=""1:57.84""","=""6/29/2016"""
187,"Smith, Leah","=""1:57.84""","=""6/1/2019"""
188,"DeLoof, Gabby","=""1:57.86""","=""8/9/2018"""
189,"Manuel, Simone","=""1:57.87""","=""5/6/2017"""
190,"McLaughlin, Katie","=""1:57.87""","=""5/21/2021"""
191,"Schmitt, Allison","=""1:57.88""","=""12/4/2015"""
192,"Manuel, Simone","=""1:57.90""","=""5/13/2016"""
193,"Comerford, Mallory","=""1:57.92""","=""7/26/2018"""
194,"Manuel, Simone","=""1:57.92""","=""11/30/2018"""
195,"Rasmus, Claire","=""1:57.92""","=""6/28/2017"""
196,"Comerford, Mallory","=""1:57.93""","=""6/13/2019"""
197,"Margalis, Melanie","=""1:57.94""","=""5/18/2018"""
198,"Runge, Cierra","=""1:57.97""","=""6/4/2016"""
199,"Forde, Brooke","=""1:57.98""","=""8/1/2019"""
200,"Margalis, Melanie","=""1:57.99""","=""6/8/2018"""
201,"Manuel, Simone","=""1:58.00""","=""6/28/2017"""
202,"Margalis, Melanie","=""1:58.00""","=""6/3/2017"""
203,"Margalis, Melanie","=""1:58.01""","=""1/16/2016"""
204,"Comerford, Mallory","=""1:58.02""","=""4/16/2019"""
205,"Margalis, Melanie","=""1:58.02""","=""3/8/2019"""
208,"Schmitt, Allison","=""1:58.04""","=""4/8/2021"""
209,"Cox, Madisyn","=""1:58.06""","=""5/21/2021"""
210,"Manuel, Simone","=""1:58.06""","=""5/18/2018"""
211,"Drabot, Katie","=""1:58.09""","=""8/9/2018"""
212,"Huske, Torri","=""1:58.09""","=""4/30/2021"""
213,"Madden, Paige","=""1:58.09""","=""12/6/2019"""
214,"Kozan, Justina","=""1:58.10""","=""4/30/2021"""
215,"Runge, Cierra","=""1:58.10""","=""6/28/2016"""
216,"Smith, Leah","=""1:58.10""","=""6/13/2019"""
217,"Margalis, Melanie","=""1:58.11""","=""11/12/2015"""
218,"Runge, Cierra","=""1:58.11""","=""6/28/2016"""
219,"Smith, Leah","=""1:58.13""","=""11/12/2015"""
220,"Cox, Madisyn","=""1:58.14""","=""4/8/2021"""
222,"McLaughlin, Katie","=""1:58.14""","=""4/8/2021"""
223,"Smith, Leah","=""1:58.15""","=""4/11/2019"""
224,"Smith, Leah","=""1:58.17""","=""5/14/2021"""
225,"Schmitt, Allison","=""1:58.18""","=""3/3/2016"""
226,"McLaughlin, Katie","=""1:58.20""","=""7/26/2018"""
227,"Schmitt, Allison","=""1:58.20""","=""4/8/2021"""
228,"Smith, Leah","=""1:58.20""","=""6/8/2018"""
229,"Flickinger, Hali","=""1:58.21""","=""7/26/2018"""
231,"Smith, Leah","=""1:58.21""","=""3/6/2020"""
232,"Tuggle, Claire","=""1:58.21""","=""8/1/2019"""
233,"Margalis, Melanie","=""1:58.23""","=""1/11/2018"""
239,"Schmitt, Allison","=""1:58.27""","=""7/23/2019"""
242,"McLaughlin, Katie","=""1:58.30""","=""4/8/2021"""
243,"Cox, Madisyn","=""1:58.31""","=""4/8/2021"""
244,"Madden, Paige","=""1:58.31""","=""7/9/2019"""
245,"Smith, Leah","=""1:58.31""","=""6/8/2018"""
246,"Smith, Leah","=""1:58.32""","=""1/16/2016"""
247,"Flickinger, Hali","=""1:58.33""","=""5/17/2019"""
248,"Drabot, Katie","=""1:58.34""","=""7/26/2018"""
249,"Comerford, Mallory","=""1:58.36""","=""3/6/2020"""
250,"Weyant, Emma","=""1:58.36""","=""8/1/2019"""
251,"Madden, Paige","=""1:58.37""","=""2/24/2021"""
252,"Comerford, Mallory","=""1:58.38""","=""7/26/2018"""
254,"Margalis, Melanie","=""1:58.38""","=""3/3/2016"""
255,"Comerford, Mallory","=""1:58.39""","=""6/28/2017"""
256,"Flickinger, Hali","=""1:58.40""","=""3/6/2020"""
257,"Raab, Meaghan","=""1:58.42""","=""8/7/2019"""
258,"DeLoof, Gabby","=""1:58.43""","=""7/7/2018"""
260,"McLaughlin, Katie","=""1:58.43""","=""6/28/2016"""
263,"Smith, Regan","=""1:58.44""","=""6/14/2019"""
264,"DeLoof, Gabby","=""1:58.46""","=""7/8/2019"""
266,"Smith, Leah","=""1:58.47""","=""4/14/2017"""
267,"Smith, Leah","=""1:58.47""","=""3/8/2019"""
269,"Flickinger, Hali","=""1:58.49""","=""4/8/2021"""
271,"Kozan, Justina","=""1:58.50""","=""4/8/2021"""
272,"Madden, Paige","=""1:58.50""","=""7/26/2018"""
274,"Forde, Brooke","=""1:58.51""","=""5/21/2021"""
275,"Nordin, Emma","=""1:58.51""","=""4/8/2021"""
276,"Cox, Madisyn","=""1:58.52""","=""5/18/2019"""
277,"Manuel, Simone","=""1:58.52""","=""1/10/2019"""
279,"Schmitt, Allison","=""1:58.52""","=""5/14/2021"""
280,"Forde, Brooke","=""1:58.53""","=""7/26/2018"""
281,"Comerford, Mallory","=""1:58.54""","=""6/3/2017"""
282,"Manuel, Simone","=""1:58.54""","=""12/4/2015"""
283,"Pfeifer, Evie","=""1:58.54""","=""7/26/2018"""
284,"Smith, Leah","=""1:58.54""","=""3/5/2021"""
285,"Schmitt, Allison","=""1:58.55""","=""4/14/2016"""
286,"McLaughlin, Katie","=""1:58.57""","=""6/28/2017"""
288,"Smith, Leah","=""1:58.57""","=""4/14/2017"""
289,"DeLoof, Gabby","=""1:58.58""","=""6/28/2017"""
290,"Drabot, Katie","=""1:58.58""","=""6/28/2017"""
292,"Tuggle, Claire","=""1:58.58""","=""8/23/2018"""
293,"Flickinger, Hali","=""1:58.59""","=""3/8/2019"""
294,"Raab, Meaghan","=""1:58.59""","=""7/26/2018"""
295,"Schmitt, Allison","=""1:58.59""","=""7/7/2018"""
297,"Tuggle, Claire","=""1:58.59""","=""7/26/2018"""
299,"McLaughlin, Katie","=""1:58.60""","=""6/29/2016"""
301,"Flickinger, Hali","=""1:58.61""","=""6/28/2016"""
303,"McLaughlin, Katie","=""1:58.61""","=""7/26/2018"""
309,"Rasmus, Claire","=""1:58.64""","=""6/28/2017"""
310,"Rasmus, Claire","=""1:58.64""","=""8/7/2019"""
311,"Smith, Leah","=""1:58.64""","=""8/9/2018"""
312,"Comerford, Mallory","=""1:58.65""","=""6/13/2019"""
314,"Weitzeil, Abbey","=""1:58.65""","=""4/8/2021"""
315,"DeLoof, Gabby","=""1:58.66""","=""6/14/2019"""
317,"Smith, Regan","=""1:58.67""","=""1/17/2020"""
318,"Drabot, Katie","=""1:58.68""","=""7/26/2018"""
319,"Margalis, Melanie","=""1:58.68""","=""1/10/2019"""
322,"Forde, Brooke","=""1:58.69""","=""7/26/2018"""
323,"Madden, Paige","=""1:58.69""","=""8/1/2019"""
324,"Weitzeil, Abbey","=""1:58.69""","=""4/8/2021"""
326,"Margalis, Melanie","=""1:58.70""","=""4/14/2016"""
327,"Raab, Meaghan","=""1:58.70""","=""8/7/2019"""
328,"Comerford, Mallory","=""1:58.71""","=""5/18/2018"""
330,"Raab, Meaghan","=""1:58.71""","=""8/5/2017"""
332,"Comerford, Mallory","=""1:58.72""","=""5/18/2019"""
333,"Madden, Paige","=""1:58.73""","=""12/6/2019"""
334,"Schmitt, Allison","=""1:58.73""","=""7/23/2019"""
335,"Rasmus, Claire","=""1:58.74""","=""8/25/2017"""
337,"DeLoof, Gabby","=""1:58.75""","=""7/7/2018"""
338,"Forde, Brooke","=""1:58.75""","=""8/1/2019"""
339,"Margalis, Melanie","=""1:58.75""","=""5/14/2021"""
340,"Raab, Meaghan","=""1:58.75""","=""7/26/2018"""
341,"Schmitt, Allison","=""1:58.75""","=""8/1/2019"""
342,"Cox, Madisyn","=""1:58.76""","=""4/11/2019"""
343,"Smith, Leah","=""1:58.76""","=""4/8/2021"""
344,"Margalis, Melanie","=""1:58.77""","=""4/8/2021"""
346,"Margalis, Melanie","=""1:58.78""","=""1/14/2017"""
347,"Manuel, Simone","=""1:58.80""","=""4/14/2016"""
348,"Rasmus, Claire","=""1:58.81""","=""7/26/2018"""
350,"Runge, Cierra","=""1:58.82""","=""8/1/2019"""
354,"Cox, Madisyn","=""1:58.85""","=""3/5/2021"""
355,"Drabot, Katie","=""1:58.85""","=""6/3/2017"""
356,"Forde, Brooke","=""1:58.85""","=""6/28/2017"""
357,"Margalis, Melanie","=""1:58.85""","=""6/1/2019"""
358,"Margalis, Melanie","=""1:58.85""","=""5/14/2021"""
360,"Drabot, Katie","=""1:58.86""","=""5/18/2018"""
361,"Nordin, Emma","=""1:58.86""","=""5/14/2021"""
364,"Runge, Cierra","=""1:58.87""","=""7/7/2018"""
366,"Drabot, Katie","=""1:58.88""","=""6/28/2016"""
367,"Runge, Cierra","=""1:58.88""","=""4/14/2016"""
369,"Flickinger, Hali","=""1:58.89""","=""5/17/2019"""
370,"Drabot, Katie","=""1:58.90""","=""4/11/2019"""
372,"Flickinger, Hali","=""1:58.91""","=""6/28/2016"""
374,"Runge, Cierra","=""1:58.91""","=""6/28/2017"""
375,"DeLoof, Gabby","=""1:58.92""","=""8/5/2017"""
376,"Cox, Madisyn","=""1:58.93""","=""1/17/2020"""
377,"Forde, Brooke","=""1:58.94""","=""6/9/2019"""
378,"Ivey, Isabel","=""1:58.94""","=""8/24/2016"""
379,"Smith, Leah","=""1:58.95""","=""6/3/2017"""
381,"Cox, Madisyn","=""1:58.97""","=""11/13/2020"""
382,"Madden, Paige","=""1:58.97""","=""9/26/2020"""
383,"Flickinger, Hali","=""1:58.98""","=""7/26/2018"""
384,"Manuel, Simone","=""1:58.98""","=""4/14/2017"""
385,"Nordin, Emma","=""1:58.98""","=""4/8/2021"""
386,"Ivey, Isabel","=""1:58.99""","=""7/26/2018"""
388,"Margalis, Melanie","=""1:59.00""","=""5/17/2019"""
389,"Madden, Paige","=""1:59.01""","=""7/8/2019"""
391,"Smoliga, Olivia","=""1:59.02""","=""6/21/2019"""
392,"DeLoof, Gabby","=""1:59.03""","=""8/1/2019"""
393,"Manuel, Simone","=""1:59.03""","=""5/18/2019"""
394,"Rasmus, Claire","=""1:59.03""","=""6/21/2019"""
395,"Ivey, Isabel","=""1:59.04""","=""5/21/2021"""
396,"Manuel, Simone","=""1:59.04""","=""11/30/2018"""
397,"Schmitt, Allison","=""1:59.04""","=""1/17/2020"""
400,"DeLoof, Gabby","=""1:59.05""","=""6/8/2018"""
401,"Margalis, Melanie","=""1:59.05""","=""1/17/2020"""
402,"Margalis, Melanie","=""1:59.06""","=""1/11/2018"""
403,"Drabot, Katie","=""1:59.07""","=""4/8/2021"""
404,"Flickinger, Hali","=""1:59.08""","=""4/11/2019"""
406,"Manuel, Simone","=""1:59.08""","=""4/14/2016"""
407,"Margalis, Melanie","=""1:59.08""","=""4/12/2018"""
408,"McLaughlin, Katie","=""1:59.08""","=""5/26/2018"""
410,"Smoliga, Olivia","=""1:59.08""","=""4/8/2021"""
412,"Drabot, Katie","=""1:59.09""","=""6/28/2017"""
414,"Comerford, Mallory","=""1:59.10""","=""12/6/2019"""
415,"Cox, Madisyn","=""1:59.11""","=""11/8/2019"""
416,"Drabot, Katie","=""1:59.11""","=""8/24/2017"""
417,"McLaughlin, Katie","=""1:59.11""","=""6/3/2017"""
418,"Smith, Leah","=""1:59.11""","=""1/16/2016"""
419,"Tuggle, Claire","=""1:59.11""","=""4/7/2018"""
420,"Smith, Leah","=""1:59.12""","=""4/12/2018"""
421,"Comerford, Mallory","=""1:59.14""","=""6/3/2017"""
422,"Rasmus, Claire","=""1:59.15""","=""7/26/2018"""
423,"Runge, Cierra","=""1:59.15""","=""11/12/2015"""
424,"Smith, Leah","=""1:59.15""","=""12/6/2019"""
425,"Smith, Leah","=""1:59.15""","=""5/18/2018"""
426,"Flickinger, Hali","=""1:59.16""","=""3/6/2020"""
427,"Madden, Paige","=""1:59.16""","=""7/26/2018"""
428,"Manuel, Simone","=""1:59.16""","=""1/17/2020"""
429,"Drabot, Katie","=""1:59.17""","=""12/6/2019"""
430,"Freriks, Geena","=""1:59.17""","=""7/26/2018"""
434,"Schmitt, Allison","=""1:59.17""","=""5/18/2019"""
435,"Drabot, Katie","=""1:59.18""","=""5/18/2019"""
439,"Gibson, Sarah","=""1:59.19""","=""6/28/2016"""
440,"Flickinger, Hali","=""1:59.20""","=""1/14/2017"""
441,"Schmitt, Allison","=""1:59.20""","=""11/12/2015"""
442,"Comerford, Mallory","=""1:59.21""","=""4/16/2019"""
443,"Kozan, Justina","=""1:59.21""","=""7/14/2019"""
444,"Schmitt, Allison","=""1:59.21""","=""3/6/2020"""
445,"Smoliga, Olivia","=""1:59.23""","=""5/14/2021"""
446,"Comerford, Mallory","=""1:59.24""","=""6/28/2016"""
447,"Flickinger, Hali","=""1:59.24""","=""1/17/2020"""
448,"Forde, Brooke","=""1:59.24""","=""5/21/2021"""
450,"Margalis, Melanie","=""1:59.24""","=""6/3/2016"""
455,"Flickinger, Hali","=""1:59.26""","=""4/11/2019"""
456,"Spitz, Ayla","=""1:59.26""","=""5/21/2021"""
457,"Tuggle, Claire","=""1:59.26""","=""7/26/2018"""
458,"Manuel, Simone","=""1:59.27""","=""3/6/2020"""
459,"Manuel, Simone","=""1:59.27""","=""6/28/2016"""
460,"Smith, Leah","=""1:59.27""","=""12/6/2019"""
461,"Smith, Leah","=""1:59.27""","=""3/8/2019"""
462,"Drabot, Katie","=""1:59.28""","=""6/28/2016"""
463,"Flickinger, Hali","=""1:59.28""","=""11/30/2018"""
464,"Gemmell, Erin","=""1:59.28""","=""4/10/2021"""
465,"Margalis, Melanie","=""1:59.28""","=""7/6/2018"""
467,"Weitzeil, Abbey","=""1:59.30""","=""8/9/2018"""
469,"Gibson, Sarah","=""1:59.31""","=""6/28/2017"""
470,"McLaughlin, Katie","=""1:59.31""","=""6/28/2017"""
474,"Smith, Leah","=""1:59.31""","=""4/8/2021"""
475,"Drabot, Katie","=""1:59.32""","=""3/17/2016"""
476,"Ivey, Isabel","=""1:59.32""","=""4/8/2021"""
478,"Margalis, Melanie","=""1:59.33""","=""11/12/2015"""
482,"Schmitt, Allison","=""1:59.33""","=""6/22/2019"""
483,"Flickinger, Hali","=""1:59.34""","=""11/30/2018"""
484,"Forde, Brooke","=""1:59.34""","=""4/8/2021"""
485,"Cox, Madisyn","=""1:59.35""","=""12/6/2019"""
486,"Manuel, Simone","=""1:59.35""","=""5/13/2016"""
487,"McLaughlin, Katie","=""1:59.35""","=""3/5/2021"""
488,"Rasmus, Claire","=""1:59.35""","=""8/7/2019"""
489,"Smith, Leah","=""1:59.35""","=""4/12/2018"""
492,"Nordin, Emma","=""1:59.36""","=""12/10/2020"""
493,"Runge, Cierra","=""1:59.36""","=""8/1/2019"""
494,"Tuggle, Claire","=""1:59.36""","=""8/23/2018"""
495,"Drabot, Katie","=""1:59.37""","=""8/24/2017"""
499,"Comerford, Mallory","=""1:59.38""","=""6/21/2018"""
500,"Deloof, Catie","=""1:59.38""","=""5/14/2021"""
502,"Forde, Brooke","=""1:59.39""","=""6/28/2017"""
503,"Deloof, Catie","=""1:59.40""","=""12/6/2019"""
505,"Forde, Brooke","=""1:59.41""","=""6/9/2019"""
506,"Kozan, Justina","=""1:59.41""","=""4/8/2021"""
507,"Runge, Cierra","=""1:59.41""","=""4/14/2016"""
508,"Cox, Madisyn","=""1:59.42""","=""1/15/2021"""
509,"Margalis, Melanie","=""1:59.42""","=""1/16/2016"""
510,"Margalis, Melanie","=""1:59.42""","=""3/3/2017"""
511,"Schmitt, Allison","=""1:59.42""","=""12/10/2020"""
512,"Tuggle, Claire","=""1:59.42""","=""8/1/2019"""
513,"Cox, Madisyn","=""1:59.43""","=""3/6/2020"""
515,"Manuel, Simone","=""1:59.44""","=""4/14/2017"""
516,"Manuel, Simone","=""1:59.44""","=""5/6/2017"""
517,"Smith, Leah","=""1:59.44""","=""3/6/2020"""
518,"Comerford, Mallory","=""1:59.45""","=""6/8/2017"""
519,"Drabot, Katie","=""1:59.45""","=""5/18/2019"""
520,"Manuel, Simone","=""1:59.45""","=""12/4/2015"""
521,"Runge, Cierra","=""1:59.45""","=""6/22/2019"""
523,"DeLoof, Gabby","=""1:59.46""","=""8/1/2019"""
524,"Ivey, Isabel","=""1:59.46""","=""8/23/2018"""
526,"Manuel, Simone","=""1:59.47""","=""5/18/2018"""
528,"Rasmus, Claire","=""1:59.47""","=""8/24/2017"""
529,"Runge, Cierra","=""1:59.47""","=""6/4/2016"""
531,"Kozan, Justina","=""1:59.48""","=""8/9/2019"""
533,"Margalis, Melanie","=""1:59.49""","=""3/3/2017"""
534,"Smith, Regan","=""1:59.49""","=""1/15/2021"""
535,"Smoliga, Olivia","=""1:59.49""","=""4/8/2021"""
536,"Cox, Madisyn","=""1:59.51""","=""8/5/2016"""
537,"DeLoof, Gabby","=""1:59.51""","=""5/18/2018"""
538,"Drabot, Katie","=""1:59.51""","=""8/1/2019"""
539,"McLaughlin, Katie","=""1:59.51""","=""3/6/2020"""
541,"Brown, Erika","=""1:59.52""","=""12/6/2019"""
542,"McLaughlin, Katie","=""1:59.53""","=""6/8/2018"""
545,"Flickinger, Hali","=""1:59.54""","=""1/10/2019"""
546,"Freriks, Geena","=""1:59.54""","=""7/26/2018"""
549,"Tankersley, Morgan","=""1:59.54""","=""8/11/2016"""
550,"Wilson, Kayla","=""1:59.54""","=""5/14/2021"""
552,"Comerford, Mallory","=""1:59.55""","=""5/18/2018"""
553,"Pitzer, Lauren","=""1:59.55""","=""8/1/2019"""
554,"Tuggle, Claire","=""1:59.55""","=""8/25/2019"""
556,"Meitz, Kaersten","=""1:59.56""","=""6/28/2017"""
557,"Comerford, Mallory","=""1:59.57""","=""5/12/2018"""
559,"Raab, Meaghan","=""1:59.57""","=""6/28/2017"""
560,"Schmitt, Allison","=""1:59.57""","=""4/12/2018"""
561,"Weitzeil, Abbey","=""1:59.57""","=""5/28/2016"""
563,"Margalis, Melanie","=""1:59.58""","=""4/12/2018"""
564,"Pash, Kelly","=""1:59.58""","=""11/13/2020"""
565,"Raab, Meaghan","=""1:59.58""","=""6/28/2017"""
566,"Manuel, Simone","=""1:59.59""","=""6/8/2018"""
568,"Comerford, Mallory","=""1:59.60""","=""3/3/2017"""
569,"Dolan, Abbie","=""1:59.60""","=""8/1/2019"""
573,"Cox, Madisyn","=""1:59.61""","=""12/6/2019"""
574,"Dupre, Cora","=""1:59.61""","=""5/14/2021"""
575,"Hicks, Chloe","=""1:59.61""","=""8/1/2019"""
576,"Smoliga, Olivia","=""1:59.61""","=""3/6/2020"""
577,"Margalis, Melanie","=""1:59.63""","=""6/8/2018"""
578,"McLaughlin, Katie","=""1:59.63""","=""5/27/2017"""
579,"Meitz, Kaersten","=""1:59.63""","=""1/17/2020"""
580,"Runge, Cierra","=""1:59.63""","=""7/26/2018"""
582,"Runge, Cierra","=""1:59.64""","=""11/12/2015"""
583,"DeLoof, Gabby","=""1:59.65""","=""11/30/2018"""
584,"Flickinger, Hali","=""1:59.65""","=""5/6/2017"""
586,"McLaughlin, Katie","=""1:59.65""","=""6/8/2018"""
588,"Weitzeil, Abbey","=""1:59.65""","=""6/8/2018"""
593,"Laning, Erica","=""1:59.67""","=""8/1/2019"""
594,"Margalis, Melanie","=""1:59.67""","=""3/8/2019"""
595,"Smith, Regan","=""1:59.67""","=""12/6/2019"""
599,"Pitzer, Lauren","=""1:59.68""","=""7/14/2019"""
600,"Brown, Erika","=""1:59.69""","=""5/14/2021"""
601,"Flickinger, Hali","=""1:59.69""","=""1/14/2017"""
602,"Gemmell, Erin","=""1:59.69""","=""1/15/2021"""
603,"Ivey, Isabel","=""1:59.69""","=""8/23/2018"""
606,"Smoliga, Olivia","=""1:59.69""","=""4/24/2021"""
609,"Gibson, Sarah","=""1:59.71""","=""6/28/2016"""
610,"DeLoof, Gabby","=""1:59.72""","=""6/28/2017"""
611,"Drabot, Katie","=""1:59.72""","=""7/22/2016"""
612,"Flickinger, Hali","=""1:59.72""","=""5/13/2016"""
613,"Flickinger, Hali","=""1:59.72""","=""6/3/2016"""
614,"Flickinger, Hali","=""1:59.72""","=""3/8/2019"""
616,"Schmitt, Allison","=""1:59.72""","=""1/30/2021"""
618,"DeLoof, Gabby","=""1:59.73""","=""12/6/2019"""
619,"Cox, Madisyn","=""1:59.74""","=""3/5/2021"""
620,"Ivey, Isabel","=""1:59.74""","=""3/9/2018"""
621,"McLaughlin, Katie","=""1:59.74""","=""4/30/2016"""
624,"Comerford, Mallory","=""1:59.75""","=""3/6/2020"""
625,"DeLoof, Gabby","=""1:59.75""","=""6/8/2018"""
626,"DeLoof, Gabby","=""1:59.75""","=""6/2/2017"""
629,"McLaughlin, Katie","=""1:59.76""","=""6/28/2016"""
631,"Runge, Cierra","=""1:59.76""","=""12/4/2015"""
632,"DeLoof, Gabby","=""1:59.77""","=""1/10/2019"""
633,"DeLoof, Gabby","=""1:59.77""","=""5/14/2021"""
636,"Strouse, Ashley","=""1:59.77""","=""8/1/2019"""
639,"Comerford, Mallory","=""1:59.78""","=""6/28/2016"""
640,"Comerford, Mallory","=""1:59.78""","=""11/8/2019"""
641,"Cox, Madisyn","=""1:59.78""","=""1/17/2020"""
642,"Rasmus, Claire","=""1:59.78""","=""12/6/2019"""
644,"Schmitt, Allison","=""1:59.78""","=""3/3/2016"""
645,"DeLoof, Gabby","=""1:59.79""","=""5/18/2019"""
646,"Stepanek, Chloe","=""1:59.79""","=""5/14/2021"""
648,"DeLoof, Gabby","=""1:59.81""","=""4/9/2021"""
649,"Margalis, Melanie","=""1:59.81""","=""1/10/2019"""
652,"Atkinson, Emma","=""1:59.82""","=""8/1/2019"""
653,"Dolan, Abbie","=""1:59.82""","=""5/12/2019"""
654,"Ivey, Isabel","=""1:59.82""","=""5/21/2021"""
655,"Laning, Erica","=""1:59.82""","=""3/4/2016"""
656,"Madden, Paige","=""1:59.82""","=""3/17/2016"""
658,"Portz, Katie","=""1:59.82""","=""7/26/2018"""
659,"Runge, Cierra","=""1:59.82""","=""6/3/2017"""
663,"Pitzer, Lauren","=""1:59.83""","=""8/24/2016"""
665,"Tuggle, Claire","=""1:59.83""","=""8/25/2019"""
666,"Cox, Madisyn","=""1:59.84""","=""5/18/2019"""
667,"Cox, Madisyn","=""1:59.84""","=""4/11/2019"""
670,"Flickinger, Hali","=""1:59.85""","=""1/17/2020"""
671,"Gemmell, Erin","=""1:59.85""","=""8/1/2019"""
672,"Laning, Erica","=""1:59.85""","=""5/14/2021"""
673,"Margalis, Melanie","=""1:59.85""","=""3/2/2018"""
675,"Smith, Regan","=""1:59.85""","=""1/17/2020"""
676,"Forde, Brooke","=""1:59.86""","=""5/18/2019"""
677,"Margalis, Melanie","=""1:59.86""","=""4/14/2016"""
678,"Margalis, Melanie","=""1:59.86""","=""4/14/2017"""
679,"Pfeifer, Evie","=""1:59.86""","=""7/26/2018"""
682,"Atkinson, Emma","=""1:59.88""","=""6/21/2019"""
685,"Smoliga, Olivia","=""1:59.88""","=""6/21/2019"""
686,"Forde, Brooke","=""1:59.89""","=""11/21/2020"""
689,"Smoliga, Olivia","=""1:59.89""","=""3/5/2021"""
690,"Comerford, Mallory","=""1:59.90""","=""6/7/2018"""
691,"Cox, Madisyn","=""1:59.90""","=""4/14/2016"""
692,"Flickinger, Hali","=""1:59.90""","=""6/3/2016"""
693,"Ivey, Isabel","=""1:59.90""","=""5/12/2017"""
695,"Nordmann, Lillie","=""1:59.90""","=""8/1/2019"""
696,"Raab, Meaghan","=""1:59.90""","=""5/18/2018"""
698,"Stege, Rachel","=""1:59.90""","=""8/7/2019"""
699,"DeLoof, Gabby","=""1:59.91""","=""8/5/2017"""
703,"Schmitt, Allison","=""1:59.91""","=""5/18/2018"""
704,"Smoliga, Olivia","=""1:59.91""","=""1/15/2021"""
708,"Comerford, Mallory","=""1:59.92""","=""1/17/2020"""
709,"Drabot, Katie","=""1:59.92""","=""11/22/2019"""
711,"DeLoof, Gabby","=""1:59.93""","=""11/30/2018"""
713,"Rasmus, Claire","=""1:59.93""","=""8/24/2017"""
714,"Sims, Bella","=""1:59.93""","=""11/13/2020"""
715,"Drabot, Katie","=""1:59.94""","=""4/8/2021"""
719,"Deloof, Catie","=""1:59.95""","=""6/13/2019"""
720,"Deloof, Catie","=""1:59.95""","=""7/7/2018"""
721,"Manuel, Simone","=""1:59.95""","=""11/8/2019"""
722,"Rasmus, Claire","=""1:59.95""","=""7/13/2018"""
723,"Flickinger, Hali","=""1:59.96""","=""4/8/2021"""
725,"Ivey, Isabel","=""1:59.96""","=""8/24/2016"""
726,"Laning, Erica","=""1:59.96""","=""7/26/2018"""
727,"Bates, Talia","=""1:59.97""","=""5/14/2021"""
728,"Cox, Madisyn","=""1:59.97""","=""4/14/2016"""
729,"Forde, Brooke","=""1:59.97""","=""5/18/2019"""
730,"Laning, Erica","=""1:59.97""","=""8/1/2019"""
732,"Drabot, Katie","=""1:59.98""","=""4/11/2019"""
734,"Pash, Kelly","=""1:59.98""","=""7/26/2018"""
735,"Raab, Meaghan","=""1:59.98""","=""6/21/2019"""
736,"DeLoof, Gabby","=""1:59.99""","=""2/8/2020"""
738,"Ivey, Isabel","=""1:59.99""","=""4/8/2021"""
741,"Cox, Madisyn","=""2:00.00""","=""11/8/2019"""
743,"Gormsen, Cavan","=""2:00.00""","=""1/15/2021"""
745,"Hodges, Macky","=""2:00.00""","=""4/8/2021"""
746,"Margalis, Melanie","=""2:00.00""","=""3/3/2016"""
747,"Meitz, Kaersten","=""2:00.00""","=""6/28/2017"""
749,"Drabot, Katie","=""2:00.01""","=""4/14/2016"""
750,"Ivey, Isabel","=""2:00.01""","=""8/5/2016"""
754,"Flickinger, Hali","=""2:00.02""","=""3/3/2017"""
755,"Kozan, Justina","=""2:00.02""","=""2/9/2019"""
756,"Schmitt, Allison","=""2:00.03""","=""11/8/2019"""
757,"Smith, Leah","=""2:00.03""","=""5/18/2018"""
760,"Flickinger, Hali","=""2:00.04""","=""5/13/2016"""
763,"Cox, Madisyn","=""2:00.05""","=""5/13/2016"""
764,"Freriks, Geena","=""2:00.05""","=""6/28/2017"""
765,"Schmitt, Allison","=""2:00.05""","=""5/18/2018"""
766,"Sims, Bella","=""2:00.05""","=""3/5/2021"""
767,"Flickinger, Hali","=""2:00.06""","=""4/12/2018"""
768,"Pitzer, Lauren","=""2:00.06""","=""6/28/2016"""
771,"Raab, Meaghan","=""2:00.07""","=""6/28/2016"""
772,"Runge, Cierra","=""2:00.07""","=""1/16/2016"""
773,"Smith, Regan","=""2:00.07""","=""8/1/2019"""
775,"Comerford, Mallory","=""2:00.08""","=""12/6/2019"""
776,"Deloof, Catie","=""2:00.08""","=""7/26/2018"""
777,"Ivey, Isabel","=""2:00.08""","=""7/7/2018"""
779,"Meitz, Kaersten","=""2:00.08""","=""3/6/2020"""
780,"Brown, Erika","=""2:00.09""","=""8/1/2019"""
781,"Deloof, Catie","=""2:00.09""","=""6/13/2019"""
783,"Smith, Regan","=""2:00.10""","=""12/6/2019"""
786,"Meitz, Kaersten","=""2:00.11""","=""7/7/2018"""
787,"Raab, Meaghan","=""2:00.11""","=""5/17/2019"""
788,"Tuggle, Claire","=""2:00.11""","=""5/29/2021"""
789,"Weitzeil, Abbey","=""2:00.11""","=""3/5/2021"""
790,"Ledecky, Katie","=""2:00.12""","=""12/6/2019"""
791,"Meitz, Kaersten","=""2:00.12""","=""11/30/2018"""
793,"McLaughlin, Katie","=""2:00.13""","=""5/25/2019"""
794,"Comerford, Mallory","=""2:00.14""","=""7/7/2018"""
796,"McLaughlin, Katie","=""2:00.14""","=""11/12/2015"""
797,"Pitzer, Lauren","=""2:00.14""","=""8/24/2016"""
798,"Runge, Cierra","=""2:00.14""","=""5/6/2017"""
800,"Forde, Brooke","=""2:00.15""","=""5/18/2018"""
802,"Smith, Regan","=""2:00.15""","=""6/14/2019"""
804,"Drabot, Katie","=""2:00.16""","=""8/10/2016"""
805,"Madden, Paige","=""2:00.16""","=""7/8/2019"""
807,"Meitz, Kaersten","=""2:00.17""","=""1/17/2020"""
809,"Pash, Kelly","=""2:00.17""","=""3/29/2019"""
810,"Raab, Meaghan","=""2:00.17""","=""1/17/2020"""
814,"Drabot, Katie","=""2:00.18""","=""4/14/2016"""
817,"Atkinson, Emma","=""2:00.19""","=""8/1/2019"""
819,"Huske, Torri","=""2:00.19""","=""5/14/2021"""
823,"Smoliga, Olivia","=""2:00.20""","=""3/5/2021"""
827,"Cronk, Micayla","=""2:00.21""","=""12/6/2019"""
829,"McLaughlin, Katie","=""2:00.21""","=""6/3/2017"""
830,"Raab, Meaghan","=""2:00.21""","=""1/17/2020"""
832,"Schmitt, Allison","=""2:00.21""","=""3/8/2019"""
833,"Sims, Bella","=""2:00.21""","=""1/15/2021"""
834,"Smoliga, Olivia","=""2:00.21""","=""3/6/2020"""
835,"Cox, Madisyn","=""2:00.22""","=""6/8/2019"""
836,"DeLoof, Gabby","=""2:00.22""","=""6/14/2019"""
838,"Rasmus, Claire","=""2:00.22""","=""2/29/2020"""
840,"DeLoof, Gabby","=""2:00.23""","=""5/6/2017"""
841,"Drabot, Katie","=""2:00.23""","=""6/3/2017"""
842,"Freriks, Geena","=""2:00.23""","=""6/28/2017"""
844,"Drabot, Katie","=""2:00.24""","=""5/13/2016"""
847,"Ivey, Isabel","=""2:00.24""","=""1/14/2021"""
848,"Manuel, Simone","=""2:00.24""","=""3/3/2016"""
850,"Valls, Kyla","=""2:00.24""","=""7/19/2019"""
852,"Deloof, Catie","=""2:00.25""","=""7/7/2018"""
856,"Dolan, Abbie","=""2:00.26""","=""6/28/2017"""
857,"Pash, Kelly","=""2:00.26""","=""5/14/2021"""
861,"Sims, Bella","=""2:00.26""","=""3/5/2021"""
865,"Ivey, Isabel","=""2:00.27""","=""11/11/2019"""
866,"Margalis, Melanie","=""2:00.28""","=""1/14/2017"""
868,"Brown, Erika","=""2:00.29""","=""1/17/2020"""
869,"Deloof, Catie","=""2:00.29""","=""5/25/2019"""
870,"DeLoof, Gabby","=""2:00.29""","=""4/3/2019"""
871,"DeLoof, Gabby","=""2:00.29""","=""4/6/2019"""
873,"Kozan, Justina","=""2:00.30""","=""7/14/2019"""
875,"Comerford, Mallory","=""2:00.31""","=""3/4/2016"""
876,"Heckman, Miranda","=""2:00.31""","=""8/9/2019"""
877,"DeLoof, Gabby","=""2:00.32""","=""5/14/2021"""
880,"Raab, Meaghan","=""2:00.32""","=""12/6/2019"""
881,"Schmitt, Allison","=""2:00.32""","=""3/5/2021"""
882,"Weyant, Emma","=""2:00.32""","=""2/15/2020"""
883,"DeLoof, Gabby","=""2:00.33""","=""4/6/2019"""
884,"Harnish, Courtney","=""2:00.33""","=""8/24/2016"""
886,"Smith, Leah","=""2:00.33""","=""3/5/2021"""
888,"Comerford, Mallory","=""2:00.34""","=""11/13/2020"""
889,"Dolan, Abbie","=""2:00.34""","=""7/26/2018"""
892,"Liu, Kenisha","=""2:00.34""","=""8/11/2017"""
893,"McMurray, Olivia","=""2:00.34""","=""8/1/2019"""
895,"Spitz, Ayla","=""2:00.34""","=""4/24/2021"""
896,"Comerford, Mallory","=""2:00.35""","=""5/6/2017"""
897,"Portz, Katie","=""2:00.35""","=""2/29/2020"""
899,"Smith, Regan","=""2:00.35""","=""1/15/2021"""
903,"Smith, Regan","=""2:00.36""","=""1/10/2019"""
906,"Raab, Meaghan","=""2:00.37""","=""6/21/2019"""
907,"Drabot, Katie","=""2:00.38""","=""4/14/2017"""
908,"Ivey, Isabel","=""2:00.38""","=""7/7/2018"""
909,"Nordin, Emma","=""2:00.38""","=""7/26/2018"""
910,"Rasmus, Claire","=""2:00.38""","=""1/11/2018"""
911,"Weyant, Emma","=""2:00.38""","=""1/15/2021"""
913,"Manuel, Simone","=""2:00.39""","=""1/10/2019"""
915,"Pitzer, Lauren","=""2:00.39""","=""8/11/2017"""
917,"Gibson, Sarah","=""2:00.40""","=""8/5/2016"""
918,"Schmitt, Allison","=""2:00.40""","=""6/4/2016"""
920,"Comerford, Mallory","=""2:00.41""","=""4/14/2017"""
921,"Cox, Madisyn","=""2:00.41""","=""10/21/2016"""
922,"Drabot, Katie","=""2:00.41""","=""5/18/2018"""
924,"Ivey, Isabel","=""2:00.41""","=""6/8/2018"""
925,"McLaughlin, Katie","=""2:00.41""","=""11/12/2015"""
928,"Flickinger, Hali","=""2:00.43""","=""11/8/2019"""
934,"Comerford, Mallory","=""2:00.45""","=""1/17/2020"""
936,"Meitz, Kaersten","=""2:00.45""","=""6/14/2019"""
938,"Comerford, Mallory","=""2:00.46""","=""4/12/2018"""
939,"Comerford, Mallory","=""2:00.46""","=""5/6/2017"""
940,"Cox, Madisyn","=""2:00.46""","=""1/16/2016"""
941,"Dolan, Abbie","=""2:00.46""","=""8/1/2019"""
943,"McLaughlin, Katie","=""2:00.46""","=""3/6/2020"""
944,"Rasmus, Claire","=""2:00.46""","=""6/22/2018"""
945,"Schmitt, Allison","=""2:00.46""","=""4/27/2019"""
949,"Portz, Katie","=""2:00.47""","=""6/22/2018"""
950,"Deloof, Catie","=""2:00.48""","=""12/6/2019"""
951,"Drabot, Katie","=""2:00.48""","=""5/21/2021"""
952,"Ivey, Isabel","=""2:00.48""","=""8/1/2019"""
954,"Raab, Meaghan","=""2:00.48""","=""5/6/2017"""
957,"Gemmell, Erin","=""2:00.49""","=""8/1/2019"""
959,"Harnish, Courtney","=""2:00.49""","=""6/28/2017"""
962,"Rasmus, Claire","=""2:00.49""","=""8/5/2017"""
963,"Sullivan, Erica","=""2:00.49""","=""8/11/2020"""
965,"Brown, Erika","=""2:00.50""","=""6/14/2019"""
966,"Comerford, Mallory","=""2:00.50""","=""6/8/2017"""
969,"Laning, Erica","=""2:00.50""","=""5/14/2021"""
971,"Spitz, Ayla","=""2:00.50""","=""4/9/2021"""
972,"Weyant, Emma","=""2:00.50""","=""2/12/2021"""
973,"Deloof, Catie","=""2:00.51""","=""7/26/2018"""
976,"Portz, Katie","=""2:00.51""","=""8/5/2017"""
980,"Huske, Torri","=""2:00.52""","=""8/7/2019"""
984,"Alons, Kylee","=""2:00.53""","=""5/18/2019"""
986,"Comerford, Mallory","=""2:00.53""","=""1/24/2021"""
987,"Drabot, Katie","=""2:00.53""","=""4/14/2017"""
990,"Liu, Kenisha","=""2:00.53""","=""7/19/2019"""
993,"DeLoof, Gabby","=""2:00.54""","=""1/10/2019"""
994,"Ivey, Isabel","=""2:00.54""","=""6/28/2016"""
995,"Kozan, Justina","=""2:00.54""","=""8/1/2019"""
997,"Meitz, Kaersten","=""2:00.54""","=""5/20/2017"""
998,"Nordin, Emma","=""2:00.54""","=""3/3/2017"""
1000,"Pash, Kelly","=""2:00.54""","=""5/14/2021"""
1001,"Runge, Cierra","=""2:00.54""","=""7/7/2018"""
1003,"Cox, Madisyn","=""2:00.55""","=""6/4/2016"""
1004,"Haebig, Autumn","=""2:00.55""","=""8/1/2019"""
1006,"Runge, Cierra","=""2:00.55""","=""12/4/2015"""
1008,"Alons, Kylee","=""2:00.56""","=""8/1/2019"""
1009,"Flickinger, Hali","=""2:00.56""","=""6/28/2017"""
1010,"Gemmell, Erin","=""2:00.56""","=""1/15/2021"""
1012,"Hicks, Chloe","=""2:00.56""","=""8/1/2019"""
1014,"Rasmus, Claire","=""2:00.56""","=""6/28/2016"""
1017,"DeLoof, Gabby","=""2:00.57""","=""8/5/2016"""
1018,"Drabot, Katie","=""2:00.57""","=""5/6/2017"""
1019,"Harnish, Courtney","=""2:00.57""","=""8/24/2016"""
1020,"Ivey, Isabel","=""2:00.57""","=""3/3/2016"""
1024,"Schmitt, Allison","=""2:00.57""","=""5/18/2019"""
1025,"Spitz, Ayla","=""2:00.57""","=""8/1/2019"""
1026,"Tuggle, Claire","=""2:00.57""","=""4/30/2021"""
1027,"Weitzeil, Abbey","=""2:00.57""","=""6/28/2016"""
1029,"Kozan, Justina","=""2:00.58""","=""11/13/2020"""
1032,"Pish, Melissa","=""2:00.58""","=""6/28/2016"""
1033,"Rasmus, Claire","=""2:00.58""","=""7/13/2018"""
1036,"Meitz, Kaersten","=""2:00.59""","=""7/26/2018"""
1037,"Nordin, Emma","=""2:00.59""","=""12/4/2015"""
1043,"Meitz, Kaersten","=""2:00.60""","=""6/14/2019"""
1045,"Wilson, Kayla","=""2:00.60""","=""11/13/2020"""
1049,"Portz, Katie","=""2:00.61""","=""7/26/2018"""
1050,"Walsh, Alex","=""2:00.61""","=""6/15/2019"""
1052,"Gibson, Sarah","=""2:00.62""","=""6/10/2016"""
1056,"Pfeifer, Evie","=""2:00.62""","=""8/1/2019"""
1057,"Raab, Meaghan","=""2:00.62""","=""7/6/2018"""
1058,"Rasmus, Claire","=""2:00.62""","=""1/14/2017"""
1060,"Dolan, Abbie","=""2:00.63""","=""7/26/2018"""
1061,"Gemmell, Erin","=""2:00.63""","=""11/13/2020"""
1062,"Ivey, Isabel","=""2:00.63""","=""7/26/2018"""
1064,"Rasmus, Claire","=""2:00.63""","=""6/9/2017"""
1066,"Tuggle, Claire","=""2:00.63""","=""8/2/2017"""
1067,"Gemmell, Erin","=""2:00.64""","=""5/14/2021"""
1069,"Raab, Meaghan","=""2:00.64""","=""7/19/2019"""
1070,"Freriks, Geena","=""2:00.65""","=""7/7/2018"""
1072,"Raab, Meaghan","=""2:00.65""","=""11/8/2019"""
1073,"Rasmus, Claire","=""2:00.65""","=""1/11/2018"""
1074,"Ristic, Ella","=""2:00.65""","=""5/29/2021"""
1075,"Schmidt, Sierra","=""2:00.65""","=""7/26/2018"""
1077,"Drabot, Katie","=""2:00.66""","=""5/27/2016"""
1079,"Peplowski, Anna","=""2:00.66""","=""3/26/2021"""
1082,"Deloof, Catie","=""2:00.67""","=""11/8/2019"""
1084,"Gormley, Isabel","=""2:00.68""","=""2/14/2020"""
1086,"Runge, Cierra","=""2:00.68""","=""5/18/2018"""
1087,"Stepanek, Chloe","=""2:00.68""","=""5/14/2021"""
1088,"Strouse, Ashley","=""2:00.68""","=""8/1/2019"""
1089,"Ivey, Isabel","=""2:00.69""","=""8/1/2019"""
1090,"Manuel, Simone","=""2:00.69""","=""11/12/2015"""
1091,"Raab, Meaghan","=""2:00.69""","=""8/5/2017"""
1092,"Tuggle, Claire","=""2:00.69""","=""5/26/2018"""
1096,"Smith, Regan","=""2:00.70""","=""1/10/2019"""
1098,"Crom, Katie","=""2:00.71""","=""2/29/2020"""
1099,"DeLoof, Gabby","=""2:00.71""","=""12/6/2019"""
1100,"Portz, Katie","=""2:00.71""","=""1/11/2018"""
1102,"DeLoof, Gabby","=""2:00.72""","=""11/13/2020"""
1103,"DeLoof, Gabby","=""2:00.72""","=""5/18/2018"""
1104,"Flickinger, Hali","=""2:00.72""","=""1/10/2019"""
1105,"Gibson, Sarah","=""2:00.72""","=""8/5/2016"""
1106,"Runge, Cierra","=""2:00.72""","=""4/27/2019"""
1107,"Tuggle, Claire","=""2:00.72""","=""4/30/2021"""
1109,"Drabot, Katie","=""2:00.73""","=""8/5/2016"""
1110,"Heckman, Miranda","=""2:00.73""","=""8/5/2017"""
1113,"Sullivan, Erica","=""2:00.73""","=""5/18/2018"""
1115,"Drabot, Katie","=""2:00.74""","=""5/6/2017"""
1116,"Drabot, Katie","=""2:00.74""","=""5/21/2021"""
1117,"Gemmell, Erin","=""2:00.74""","=""8/3/2018"""
1118,"Kraus, Alena","=""2:00.74""","=""12/6/2019"""
1119,"McLaughlin, Katie","=""2:00.74""","=""5/26/2018"""
1122,"Spitz, Ayla","=""2:00.74""","=""7/15/2018"""
1123,"DeLoof, Gabby","=""2:00.75""","=""5/18/2019"""
1124,"Drabot, Katie","=""2:00.75""","=""3/5/2021"""
1125,"Dupre, Cora","=""2:00.75""","=""5/14/2021"""
1126,"Flickinger, Hali","=""2:00.75""","=""4/12/2018"""
1127,"Francis, Riley","=""2:00.75""","=""8/9/2019"""
1128,"Portz, Katie","=""2:00.75""","=""6/22/2018"""
1129,"Rasmus, Claire","=""2:00.75""","=""12/6/2019"""
1130,"Weyant, Emma","=""2:00.75""","=""1/15/2021"""
1133,"Schmitt, Allison","=""2:00.76""","=""4/12/2018"""
1134,"Stepanek, Chloe","=""2:00.76""","=""12/6/2019"""
1135,"Stout, Jordan","=""2:00.76""","=""7/26/2018"""
1138,"Comerford, Mallory","=""2:00.77""","=""3/2/2018"""
1139,"DeLoof, Gabby","=""2:00.77""","=""3/26/2021"""
1140,"Heckman, Miranda","=""2:00.77""","=""8/3/2018"""
1141,"Margalis, Melanie","=""2:00.77""","=""3/2/2018"""
1144,"Barczyk, Jillian","=""2:00.78""","=""5/14/2021"""
1145,"Gibson, Sarah","=""2:00.78""","=""3/2/2019"""
1147,"Heckman, Miranda","=""2:00.78""","=""4/13/2019"""
1152,"Manuel, Simone","=""2:00.79""","=""11/12/2015"""
1154,"Stege, Rachel","=""2:00.79""","=""11/13/2020"""
1159,"Heckman, Miranda","=""2:00.80""","=""8/11/2016"""
1160,"Ivey, Isabel","=""2:00.80""","=""6/3/2017"""
1164,"Raab, Meaghan","=""2:00.80""","=""7/19/2019"""
1165,"Runge, Cierra","=""2:00.80""","=""5/18/2019"""
1166,"Tankersley, Morgan","=""2:00.80""","=""5/21/2021"""
1167,"Tuggle, Claire","=""2:00.80""","=""8/3/2018"""
1168,"Tuggle, Claire","=""2:00.80""","=""4/8/2021"""
1171,"Comerford, Mallory","=""2:00.81""","=""11/12/2015"""
1172,"Cox, Madisyn","=""2:00.81""","=""6/4/2016"""
1173,"DeLoof, Gabby","=""2:00.81""","=""3/28/2021"""
1177,"Cox, Madisyn","=""2:00.82""","=""4/14/2017"""
1179,"Gemmell, Erin","=""2:00.82""","=""4/10/2021"""
1181,"Looney, Lindsay","=""2:00.82""","=""8/1/2019"""
1182,"Portz, Katie","=""2:00.82""","=""8/5/2017"""
1183,"Deloof, Catie","=""2:00.83""","=""5/18/2018"""
1184,"Heckman, Miranda","=""2:00.83""","=""7/26/2018"""
1188,"Small, Meghan","=""2:00.84""","=""1/17/2020"""
1189,"Stout, Jordan","=""2:00.84""","=""6/21/2019"""
1191,"Freriks, Geena","=""2:00.85""","=""8/1/2019"""
1193,"Pitzer, Lauren","=""2:00.85""","=""7/14/2019"""
1194,"Stout, Jordan","=""2:00.85""","=""7/6/2018"""
1195,"Weyant, Emma","=""2:00.85""","=""11/13/2020"""
1197,"Raab, Meaghan","=""2:00.86""","=""5/17/2019"""
1198,"Sims, Bella","=""2:00.86""","=""8/11/2020"""
1199,"Smith, Addison","=""2:00.86""","=""6/21/2019"""
1200,"Stepanek, Chloe","=""2:00.86""","=""12/6/2019"""
1201,"Tankersley, Morgan","=""2:00.86""","=""5/21/2021"""
1203,"Cox, Madisyn","=""2:00.87""","=""1/15/2021"""
1204,"Luther, Dakota","=""2:00.87""","=""7/26/2018"""
1206,"Rausch, Malia","=""2:00.87""","=""4/30/2021"""
1207,"Walsh, Alex","=""2:00.87""","=""12/6/2019"""
1208,"Cardwell, Summer","=""2:00.88""","=""4/30/2021"""
1209,"Weyant, Emma","=""2:00.88""","=""7/24/2020"""
1211,"Spitz, Ayla","=""2:00.89""","=""7/14/2019"""
1213,"Cox, Madisyn","=""2:00.90""","=""1/18/2019"""
1215,"Madden, Paige","=""2:00.91""","=""7/22/2016"""
1220,"Meitz, Kaersten","=""2:00.92""","=""3/6/2020"""
1221,"Flickinger, Hali","=""2:00.93""","=""11/8/2019"""
1222,"Ivey, Isabel","=""2:00.93""","=""3/9/2018"""
1224,"Rausch, Malia","=""2:00.93""","=""6/5/2021"""
1227,"Dahlke, Miki","=""2:00.94""","=""5/14/2021"""
1228,"Haebig, Autumn","=""2:00.94""","=""6/5/2021"""
1229,"McLaughlin, Katie","=""2:00.94""","=""4/29/2017"""
1230,"Meitz, Kaersten","=""2:00.94""","=""5/1/2021"""
1231,"Meitz, Kaersten","=""2:00.94""","=""4/11/2019"""
1232,"Nordmann, Lillie","=""2:00.94""","=""5/21/2021"""
1234,"Walsh, Alex","=""2:00.94""","=""6/15/2019"""
1235,"Bates, Talia","=""2:00.95""","=""5/14/2021"""
1238,"Weinstein, Claire","=""2:00.95""","=""5/14/2021"""
1239,"Weitzeil, Abbey","=""2:00.95""","=""4/27/2019"""
1240,"Drabot, Katie","=""2:00.96""","=""12/6/2019"""
1241,"Kozan, Justina","=""2:00.96""","=""3/6/2020"""
1242,"Madden, Paige","=""2:00.96""","=""7/7/2018"""
1243,"Raab, Meaghan","=""2:00.96""","=""7/6/2018"""
1245,"Spitz, Ayla","=""2:00.96""","=""4/8/2021"""
1246,"Forde, Brooke","=""2:00.97""","=""8/24/2016"""
1247,"Nero, Bailey","=""2:00.97""","=""8/1/2019"""
1249,"Pish, Melissa","=""2:00.97""","=""8/11/2016"""
1251,"Comerford, Mallory","=""2:00.98""","=""11/12/2015"""
1252,"Gibson, Sarah","=""2:00.98""","=""7/26/2018"""
1255,"Madden, Paige","=""2:00.98""","=""6/14/2019"""
1259,"Spitz, Ayla","=""2:00.98""","=""5/21/2021"""
1260,"Valls, Kyla","=""2:00.98""","=""8/5/2017"""
1264,"Gormsen, Cavan","=""2:00.99""","=""5/14/2021"""
1266,"Ristic, Ella","=""2:00.99""","=""5/27/2017"""
1267,"Dupre, Cora","=""2:01.00""","=""12/6/2019"""
1269,"Nordmann, Lillie","=""2:01.00""","=""5/21/2021"""
1274,"Nordmann, Lillie","=""2:01.02""","=""4/8/2021"""
1276,"Stepanek, Chloe","=""2:01.02""","=""8/9/2019"""
1277,"Twichell, Ashley","=""2:01.02""","=""3/2/2018"""
1278,"Brown, Erika","=""2:01.03""","=""3/5/2021"""
1279,"Luther, Dakota","=""2:01.03""","=""8/1/2019"""
1280,"Meitz, Kaersten","=""2:01.03""","=""11/8/2019"""
1281,"Nordin, Emma","=""2:01.03""","=""7/14/2019"""
1282,"Portz, Katie","=""2:01.03""","=""7/7/2017"""
1284,"Spitz, Ayla","=""2:01.03""","=""7/26/2018"""
1287,"Pash, Kelly","=""2:01.04""","=""7/26/2018"""
1289,"Stepanek, Chloe","=""2:01.04""","=""1/10/2020"""
1290,"Alons, Kylee","=""2:01.05""","=""7/12/2019"""
1291,"Forde, Brooke","=""2:01.05""","=""4/11/2019"""
1293,"Meitz, Kaersten","=""2:01.05""","=""12/6/2019"""
1297,"Hicks, Chloe","=""2:01.06""","=""7/5/2019"""
1298,"Weyant, Emma","=""2:01.06""","=""4/9/2021"""
1300,"Forde, Brooke","=""2:01.07""","=""8/2/2017"""
1309,"Rasmus, Claire","=""2:01.08""","=""1/18/2019"""
1310,"Runge, Cierra","=""2:01.08""","=""1/16/2016"""
1312,"Weyant, Emma","=""2:01.08""","=""8/1/2019"""
1314,"Pfeifer, Evie","=""2:01.09""","=""5/26/2019"""
1315,"Runge, Cierra","=""2:01.09""","=""7/26/2018"""
1324,"Cronk, Micayla","=""2:01.11""","=""8/1/2019"""
1325,"Drumm, Megan","=""2:01.11""","=""8/9/2019"""
1327,"Meitz, Kaersten","=""2:01.11""","=""11/30/2018"""
1329,"Ristic, Ella","=""2:01.11""","=""3/3/2017"""
1330,"Runge, Cierra","=""2:01.11""","=""3/3/2016"""
1334,"DeLoof, Gabby","=""2:01.12""","=""7/8/2019"""
1335,"Forde, Brooke","=""2:01.12""","=""8/24/2016"""
1338,"Raab, Meaghan","=""2:01.12""","=""5/13/2016"""
1339,"Stout, Jordan","=""2:01.12""","=""5/17/2019"""
1340,"Walsh, Gretchen","=""2:01.12""","=""6/15/2019"""
1341,"Comerford, Mallory","=""2:01.13""","=""7/7/2018"""
1344,"Luther, Dakota","=""2:01.13""","=""8/1/2019"""
1347,"Smoliga, Olivia","=""2:01.13""","=""12/6/2019"""
1348,"Wilson, Kayla","=""2:01.13""","=""5/14/2021"""
1350,"Margalis, Melanie","=""2:01.14""","=""1/15/2021"""
1352,"Sims, Bella","=""2:01.14""","=""1/15/2021"""
1353,"Yelle, Haley","=""2:01.14""","=""7/26/2018"""
1355,"Bates, Talia","=""2:01.15""","=""5/1/2021"""
1357,"Forde, Brooke","=""2:01.15""","=""6/13/2018"""
1362,"Tuggle, Claire","=""2:01.15""","=""6/13/2019"""
1363,"Dolan, Abbie","=""2:01.16""","=""7/21/2019"""
1364,"Heckman, Miranda","=""2:01.16""","=""8/1/2019"""
1365,"Heckman, Miranda","=""2:01.16""","=""8/11/2017"""
1367,"Howley, Tess","=""2:01.16""","=""1/15/2021"""
1368,"Meitz, Kaersten","=""2:01.16""","=""4/11/2019"""
1369,"Rasmus, Claire","=""2:01.16""","=""10/18/2019"""
1370,"Forde, Brooke","=""2:01.17""","=""4/11/2019"""
1371,"Freriks, Geena","=""2:01.17""","=""7/7/2018"""
1372,"Freriks, Geena","=""2:01.17""","=""8/5/2017"""
1373,"Gemmell, Erin","=""2:01.17""","=""12/6/2019"""
1378,"Strouse, Ashley","=""2:01.17""","=""4/30/2021"""
1379,"Tankersley, Morgan","=""2:01.17""","=""7/14/2019"""
1380,"Tuggle, Claire","=""2:01.17""","=""6/17/2018"""
1381,"Dolan, Abbie","=""2:01.18""","=""11/22/2019"""
1383,"Luther, Dakota","=""2:01.18""","=""8/11/2017"""
1384,"Nordin, Emma","=""2:01.18""","=""6/28/2017"""
1385,"Ober, Ryley","=""2:01.18""","=""8/1/2019"""
1386,"Sullivan, Erica","=""2:01.18""","=""6/13/2019"""
1387,"Weitzeil, Abbey","=""2:01.18""","=""1/15/2021"""
1391,"Pfeifer, Evie","=""2:01.19""","=""6/22/2018"""
1395,"Pitzer, Lauren","=""2:01.20""","=""2/26/2016"""
1396,"Weyant, Emma","=""2:01.20""","=""1/17/2020"""
1397,"Yelle, Haley","=""2:01.20""","=""6/22/2018"""
1400,"Freriks, Geena","=""2:01.21""","=""7/12/2019"""
1404,"Runge, Cierra","=""2:01.21""","=""3/3/2016"""
1405,"Runge, Cierra","=""2:01.21""","=""4/12/2018"""
1406,"Tuggle, Claire","=""2:01.21""","=""4/11/2019"""
1409,"Liu, Kenisha","=""2:01.22""","=""7/20/2018"""
1410,"Pfeifer, Evie","=""2:01.22""","=""5/21/2021"""
1412,"Pitzer, Lauren","=""2:01.23""","=""6/22/2018"""
1414,"Raab, Meaghan","=""2:01.23""","=""6/8/2018"""
1416,"Bathurst, Ella","=""2:01.24""","=""8/9/2019"""
1419,"Drabot, Katie","=""2:01.24""","=""6/8/2018"""
1420,"Forde, Brooke","=""2:01.24""","=""6/9/2018"""
1422,"Thomas, Martina","=""2:01.24""","=""5/1/2021"""
1424,"Alons, Kylee","=""2:01.25""","=""8/1/2019"""
1427,"Raab, Meaghan","=""2:01.25""","=""7/22/2016"""
1429,"Deloof, Catie","=""2:01.26""","=""6/8/2018"""
1430,"Gemmell, Erin","=""2:01.26""","=""1/18/2020"""
1436,"Raab, Meaghan","=""2:01.27""","=""6/3/2016"""
1437,"Runge, Cierra","=""2:01.27""","=""6/22/2019"""
1438,"Strouse, Ashley","=""2:01.27""","=""7/26/2018"""
1439,"Tankersley, Morgan","=""2:01.27""","=""6/22/2019"""
1442,"DeLoof, Gabby","=""2:01.28""","=""3/8/2019"""
1444,"Weitzeil, Abbey","=""2:01.28""","=""6/8/2018"""
1446,"Comerford, Mallory","=""2:01.29""","=""6/3/2016"""
1447,"Dawson, Kendall","=""2:01.29""","=""7/27/2018"""
1448,"Gemmell, Erin","=""2:01.29""","=""7/12/2019"""
1449,"Heckman, Miranda","=""2:01.29""","=""7/26/2018"""
1450,"Ivey, Isabel","=""2:01.29""","=""4/24/2021"""
1451,"McLaughlin, Katie","=""2:01.29""","=""5/27/2017"""
1453,"Stout, Jordan","=""2:01.29""","=""8/2/2019"""
1454,"Tankersley, Morgan","=""2:01.29""","=""7/14/2019"""
1455,"Walsh, Alex","=""2:01.29""","=""1/10/2019"""
1456,"Barczyk, Jillian","=""2:01.30""","=""5/14/2021"""
1457,"Deloof, Catie","=""2:01.30""","=""5/14/2021"""
1458,"Heckman, Miranda","=""2:01.30""","=""8/3/2018"""
1459,"Hinds, Natalie","=""2:01.30""","=""3/6/2020"""
1460,"Nordin, Emma","=""2:01.30""","=""7/26/2018"""
1461,"Ristic, Ella","=""2:01.30""","=""6/22/2019"""
1462,"Scott, Morgan","=""2:01.30""","=""5/14/2021"""
1463,"Strouse, Ashley","=""2:01.30""","=""8/25/2019"""
1467,"Freriks, Geena","=""2:01.31""","=""8/1/2019"""
1468,"Luther, Dakota","=""2:01.31""","=""7/26/2018"""
1470,"Walsh, Alex","=""2:01.31""","=""1/10/2019"""
1474,"Pasadyn, Felicia","=""2:01.32""","=""8/9/2019"""
1475,"Portz, Katie","=""2:01.32""","=""1/11/2018"""
1476,"Spitz, Ayla","=""2:01.32""","=""7/26/2018"""
1477,"Cox, Madisyn","=""2:01.33""","=""8/5/2016"""
1478,"Freriks, Geena","=""2:01.33""","=""3/6/2020"""
1479,"Kozan, Justina","=""2:01.33""","=""1/15/2021"""
1481,"Meitz, Kaersten","=""2:01.33""","=""11/8/2019"""
1483,"Cox, Madisyn","=""2:01.34""","=""5/13/2016"""
1485,"Wilson, Kayla","=""2:01.34""","=""8/9/2019"""
1486,"Barczyk, Jillian","=""2:01.35""","=""6/5/2021"""
1489,"Runge, Cierra","=""2:01.35""","=""6/3/2017"""
1493,"Gemmell, Erin","=""2:01.36""","=""1/30/2021"""
1495,"Ivey, Isabel","=""2:01.36""","=""8/5/2016"""
1496,"Rasmus, Claire","=""2:01.36""","=""11/22/2019"""
1497,"Runge, Cierra","=""2:01.36""","=""5/18/2018"""
1498,"Stout, Jordan","=""2:01.36""","=""5/17/2019"""
1500,"Forde, Brooke","=""2:01.37""","=""5/18/2018"""
1503,"Madden, Paige","=""2:01.37""","=""7/22/2016"""
1504,"Meitz, Kaersten","=""2:01.37""","=""6/7/2018"""
1507,"Runge, Cierra","=""2:01.37""","=""5/18/2019"""
1510,"Schmitt, Allison","=""2:01.38""","=""3/5/2021"""
1511,"Yelle, Haley","=""2:01.38""","=""7/13/2018"""
1513,"Pash, Kelly","=""2:01.39""","=""5/21/2021"""
1514,"Porter, Samantha","=""2:01.39""","=""7/6/2019"""
1515,"Portz, Katie","=""2:01.39""","=""7/13/2018"""
1516,"Ristic, Ella","=""2:01.39""","=""5/25/2019"""
1517,"Small, Meghan","=""2:01.39""","=""1/17/2020"""
1518,"Weyant, Emma","=""2:01.39""","=""5/22/2021"""
1520,"Brown, Erika","=""2:01.40""","=""8/1/2019"""
1522,"Felner, Gracie","=""2:01.40""","=""7/25/2019"""
1527,"Walsh, Gretchen","=""2:01.40""","=""8/23/2018"""
1528,"Yelle, Haley","=""2:01.40""","=""1/18/2019"""
1531,"Nordin, Emma","=""2:01.41""","=""8/11/2016"""
1533,"Tankersley, Morgan","=""2:01.41""","=""11/22/2019"""
1534,"Tuggle, Claire","=""2:01.41""","=""6/13/2019"""
1536,"Hinds, Natalie","=""2:01.42""","=""5/17/2019"""
1538,"Madden, Paige","=""2:01.42""","=""7/7/2018"""
1543,"Rasmus, Claire","=""2:01.43""","=""1/18/2019"""
1544,"Ristic, Ella","=""2:01.43""","=""4/29/2017"""
1547,"Cronk, Micayla","=""2:01.44""","=""6/16/2018"""
1548,"Cronk, Micayla","=""2:01.44""","=""8/1/2019"""
1552,"Tuggle, Claire","=""2:01.44""","=""8/3/2018"""
1553,"Alons, Kylee","=""2:01.45""","=""6/14/2019"""
1555,"DeLoof, Gabby","=""2:01.45""","=""5/6/2017"""
1558,"Heckman, Miranda","=""2:01.45""","=""6/28/2016"""
1560,"Pfeifer, Evie","=""2:01.45""","=""6/28/2017"""
1562,"Weitzeil, Abbey","=""2:01.45""","=""7/26/2018"""
1563,"Weyant, Emma","=""2:01.45""","=""1/17/2020"""
1566,"Spitz, Ayla","=""2:01.46""","=""6/22/2019"""
1567,"Deloof, Catie","=""2:01.47""","=""8/5/2017"""
1568,"Deloof, Catie","=""2:01.47""","=""6/8/2018"""
1569,"Dupre, Cora","=""2:01.47""","=""6/9/2019"""
1570,"Freriks, Geena","=""2:01.47""","=""5/12/2017"""
1571,"Harnish, Courtney","=""2:01.47""","=""5/17/2019"""
1572,"Hodges, Macky","=""2:01.47""","=""1/15/2021"""
1573,"Pash, Kelly","=""2:01.47""","=""5/18/2019"""
1574,"Pfeifer, Evie","=""2:01.47""","=""6/28/2017"""
1575,"Smoliga, Olivia","=""2:01.47""","=""1/15/2021"""
1576,"Stout, Jordan","=""2:01.47""","=""7/6/2018"""
1578,"Freriks, Geena","=""2:01.48""","=""1/17/2020"""
1579,"Ivey, Isabel","=""2:01.48""","=""8/11/2017"""
1580,"Meitz, Kaersten","=""2:01.48""","=""7/7/2018"""
1581,"Pitzer, Lauren","=""2:01.48""","=""8/1/2019"""
1582,"Stege, Rachel","=""2:01.48""","=""12/6/2019"""
1585,"McMurray, Olivia","=""2:01.49""","=""4/11/2019"""
1589,"Gemmell, Erin","=""2:01.50""","=""8/3/2018"""
1590,"Pfeifer, Evie","=""2:01.50""","=""6/13/2019"""
1591,"Pfeifer, Evie","=""2:01.50""","=""5/21/2021"""
1593,"Comerford, Mallory","=""2:01.51""","=""8/5/2016"""
1594,"Deloof, Catie","=""2:01.51""","=""5/18/2018"""
1595,"Kozan, Justina","=""2:01.51""","=""8/9/2019"""
1596,"Laning, Erica","=""2:01.51""","=""12/10/2020"""
1598,"Ristic, Ella","=""2:01.51""","=""8/9/2019"""
1599,"Spitz, Ayla","=""2:01.51""","=""5/25/2019"""
1600,"Luther, Dakota","=""2:01.52""","=""3/3/2016"""
1604,"Smith, Leah","=""2:01.52""","=""4/16/2016"""
1611,"Schmidt, Sierra","=""2:01.53""","=""6/28/2017"""
1613,"Cox, Madisyn","=""2:01.54""","=""3/2/2019"""
1616,"Kraus, Alena","=""2:01.54""","=""12/6/2019"""
1618,"Nordin, Emma","=""2:01.54""","=""6/28/2017"""
1619,"Raab, Meaghan","=""2:01.54""","=""6/3/2016"""
1622,"Weinstein, Claire","=""2:01.54""","=""3/5/2021"""
1625,"Gibson, Sarah","=""2:01.55""","=""6/9/2017"""
1627,"Margalis, Melanie","=""2:01.55""","=""1/15/2021"""
1632,"Flickinger, Hali","=""2:01.56""","=""1/11/2018"""
1635,"Madden, Paige","=""2:01.56""","=""6/28/2016"""
1636,"McMurray, Olivia","=""2:01.56""","=""8/1/2019"""
1637,"Spitz, Ayla","=""2:01.56""","=""7/14/2019"""
1640,"Ivey, Isabel","=""2:01.57""","=""5/13/2016"""
1643,"Miller, Hayden","=""2:01.57""","=""5/14/2021"""
1647,"Cox, Madisyn","=""2:01.58""","=""10/16/2015"""
1648,"Dolan, Abbie","=""2:01.58""","=""6/14/2019"""
1650,"Heckman, Miranda","=""2:01.58""","=""6/9/2019"""
1651,"Luther, Dakota","=""2:01.58""","=""8/11/2016"""
1653,"Dawson, Kendall","=""2:01.59""","=""8/2/2019"""
1654,"Haebig, Autumn","=""2:01.59""","=""6/5/2021"""
1655,"Raab, Meaghan","=""2:01.59""","=""11/30/2018"""
1657,"Dahlke, Miki","=""2:01.60""","=""8/1/2019"""
1661,"Pash, Kelly","=""2:01.60""","=""5/18/2019"""
1662,"Stotler, Sara","=""2:01.60""","=""4/30/2021"""
1664,"Fertel, Kelly","=""2:01.61""","=""8/1/2019"""
1665,"Heckman, Miranda","=""2:01.61""","=""8/11/2017"""
1666,"Kozan, Justina","=""2:01.61""","=""8/1/2019"""
1668,"Scott, Morgan","=""2:01.61""","=""5/14/2021"""
1669,"Spitz, Ayla","=""2:01.61""","=""5/26/2018"""
1672,"Geer, Margo","=""2:01.62""","=""6/21/2019"""
1673,"Gemmell, Erin","=""2:01.62""","=""11/8/2019"""
1676,"Parker, Maxine","=""2:01.62""","=""5/14/2021"""
1678,"Pish, Melissa","=""2:01.62""","=""8/2/2019"""
1679,"Ristic, Ella","=""2:01.62""","=""7/15/2018"""
1682,"Comerford, Mallory","=""2:01.63""","=""5/13/2016"""
1683,"DeLoof, Gabby","=""2:01.63""","=""6/28/2016"""
1684,"Pfeifer, Evie","=""2:01.63""","=""5/20/2018"""
1686,"Wilson, Kayla","=""2:01.63""","=""1/15/2021"""
1687,"Gibson, Sarah","=""2:01.64""","=""1/18/2019"""
1690,"Schmidt, Sierra","=""2:01.64""","=""8/1/2019"""
1695,"Geer, Margo","=""2:01.65""","=""4/14/2016"""
1696,"Tuggle, Claire","=""2:01.65""","=""1/10/2019"""
1697,"Brown, Erika","=""2:01.66""","=""5/14/2021"""
1699,"Deloof, Catie","=""2:01.66""","=""8/1/2019"""
1700,"Lopez, Rylie","=""2:01.66""","=""7/12/2019"""
1704,"Crom, Katie","=""2:01.67""","=""1/15/2021"""
1705,"Deloof, Catie","=""2:01.67""","=""8/5/2017"""
1706,"Heckman, Miranda","=""2:01.67""","=""6/9/2019"""
1708,"Meitz, Kaersten","=""2:01.67""","=""5/14/2021"""
1709,"Scott, Morgan","=""2:01.67""","=""8/11/2016"""
1712,"Crom, Katie","=""2:01.68""","=""4/8/2021"""
1717,"Stout, Jordan","=""2:01.68""","=""6/21/2019"""
1718,"Twichell, Ashley","=""2:01.68""","=""3/5/2021"""
1719,"Freriks, Geena","=""2:01.69""","=""6/3/2017"""
1721,"Meitz, Kaersten","=""2:01.69""","=""10/5/2019"""
1724,"Rasmus, Claire","=""2:01.69""","=""1/14/2017"""
1725,"Roghair, Aurora","=""2:01.69""","=""4/30/2021"""
1726,"Tuggle, Claire","=""2:01.69""","=""12/6/2019"""
1732,"Nordin, Emma","=""2:01.70""","=""5/18/2018"""
1736,"Sullivan, Erica","=""2:01.70""","=""4/9/2021"""
1738,"Gemmell, Erin","=""2:01.71""","=""1/18/2020"""
1739,"Heckman, Miranda","=""2:01.71""","=""8/5/2017"""
1743,"Dawson, Kendall","=""2:01.72""","=""7/8/2016"""
1744,"Geer, Margo","=""2:01.72""","=""1/17/2020"""
1746,"Nordin, Emma","=""2:01.72""","=""12/4/2015"""
1747,"Ristic, Ella","=""2:01.72""","=""8/5/2016"""
1754,"Heckman, Miranda","=""2:01.73""","=""8/9/2019"""
1757,"Laning, Erica","=""2:01.73""","=""4/3/2021"""
1762,"Cardwell, Summer","=""2:01.74""","=""6/5/2021"""
1764,"Huske, Torri","=""2:01.74""","=""4/30/2021"""
1766,"Laning, Erica","=""2:01.74""","=""6/22/2019"""
1770,"Weitzeil, Abbey","=""2:01.74""","=""1/15/2021"""
1774,"Ivey, Isabel","=""2:01.75""","=""1/14/2021"""
1775,"Ristic, Ella","=""2:01.75""","=""3/3/2017"""
1776,"Smoliga, Olivia","=""2:01.75""","=""1/15/2021"""
1777,"Tuggle, Claire","=""2:01.75""","=""4/8/2021"""
1778,"Crom, Katie","=""2:01.76""","=""4/30/2021"""
1779,"Schmidt, Sierra","=""2:01.76""","=""6/4/2016"""
1780,"Spitz, Ayla","=""2:01.76""","=""8/3/2018"""
1781,"Barczyk, Jillian","=""2:01.77""","=""6/5/2021"""
1782,"DeLoof, Gabby","=""2:01.77""","=""6/3/2016"""
1784,"Hinds, Natalie","=""2:01.77""","=""3/6/2020"""
1786,"Liu, Kenisha","=""2:01.77""","=""7/26/2018"""
1787,"Meitz, Kaersten","=""2:01.77""","=""5/14/2021"""
1788,"Pish, Melissa","=""2:01.77""","=""3/31/2017"""
1790,"Rasmus, Claire","=""2:01.77""","=""8/5/2017"""
1795,"Drabot, Katie","=""2:01.79""","=""3/5/2021"""
1796,"Forde, Brooke","=""2:01.79""","=""7/15/2016"""
1797,"Gibson, Sarah","=""2:01.79""","=""1/16/2016"""
1798,"Gormsen, Cavan","=""2:01.79""","=""4/10/2021"""
1799,"Heckman, Miranda","=""2:01.79""","=""5/21/2021"""
1801,"Tankersley, Morgan","=""2:01.79""","=""8/11/2016"""
1802,"DeLoof, Gabby","=""2:01.80""","=""12/4/2015"""
1804,"Heckman, Miranda","=""2:01.80""","=""7/26/2019"""
1811,"Liu, Kenisha","=""2:01.81""","=""8/11/2017"""
1815,"Weitzeil, Abbey","=""2:01.81""","=""5/27/2017"""
1819,"Comerford, Mallory","=""2:01.82""","=""6/7/2018"""
1820,"Dupre, Cora","=""2:01.82""","=""8/9/2019"""
1823,"Meitz, Kaersten","=""2:01.82""","=""3/8/2019"""
1826,"Schmidt, Sierra","=""2:01.82""","=""5/18/2018"""
1828,"Caldow, Elle","=""2:01.83""","=""7/19/2019"""
1830,"Freriks, Geena","=""2:01.83""","=""8/5/2017"""
1831,"Gormsen, Cavan","=""2:01.83""","=""1/15/2021"""
1835,"Stout, Jordan","=""2:01.83""","=""8/5/2017"""
1840,"Schmidt, Sierra","=""2:01.84""","=""5/18/2018"""
1841,"Sims, Bella","=""2:01.84""","=""1/17/2020"""
1842,"Stepanek, Chloe","=""2:01.84""","=""1/10/2020"""
1843,"Twichell, Ashley","=""2:01.84""","=""1/14/2017"""
1845,"Cardwell, Summer","=""2:01.85""","=""6/5/2021"""
1846,"DeLoof, Gabby","=""2:01.85""","=""6/2/2017"""
1849,"McLaughlin, Katie","=""2:01.85""","=""4/30/2016"""
1851,"Sullivan, Erica","=""2:01.85""","=""6/13/2019"""
1852,"Tankersley, Morgan","=""2:01.85""","=""6/9/2019"""
1853,"Thomas, Martina","=""2:01.85""","=""12/13/2019"""
1854,"Laning, Erica","=""2:01.86""","=""7/7/2018"""
1855,"Ristic, Ella","=""2:01.86""","=""8/9/2019"""
1857,"Stout, Jordan","=""2:01.86""","=""5/18/2018"""
1858,"Tankersley, Morgan","=""2:01.86""","=""8/1/2019"""
1860,"Twichell, Ashley","=""2:01.86""","=""4/8/2021"""
1865,"Harnish, Courtney","=""2:01.87""","=""7/26/2018"""
1866,"Heckman, Miranda","=""2:01.87""","=""8/11/2016"""
1868,"Ober, Ryley","=""2:01.87""","=""8/3/2018"""
1869,"Pash, Kelly","=""2:01.87""","=""8/11/2017"""
1870,"Ristic, Ella","=""2:01.87""","=""8/3/2018"""
1872,"Gibson, Sarah","=""2:01.88""","=""1/16/2016"""
1873,"Harnish, Courtney","=""2:01.88""","=""6/28/2017"""
1876,"Pish, Melissa","=""2:01.88""","=""8/11/2016"""
1877,"Francis, Riley","=""2:01.89""","=""8/9/2019"""
1878,"Harnish, Courtney","=""2:01.89""","=""7/6/2018"""
1879,"Heckman, Miranda","=""2:01.89""","=""6/3/2016"""
1885,"DeLoof, Gabby","=""2:01.90""","=""3/8/2019"""
1886,"Freriks, Geena","=""2:01.90""","=""5/18/2019"""
1888,"McMurray, Olivia","=""2:01.90""","=""8/3/2018"""
1889,"Pitzer, Lauren","=""2:01.90""","=""8/11/2017"""
1890,"Schmidt, Sierra","=""2:01.90""","=""6/2/2017"""
1891,"Schmitt, Allison","=""2:01.90""","=""6/22/2019"""
1893,"Spitz, Ayla","=""2:01.90""","=""8/11/2017"""
1897,"Caldow, Elle","=""2:01.91""","=""7/19/2019"""
1898,"Gibson, Sarah","=""2:01.91""","=""7/12/2019"""
1899,"Gibson, Sarah","=""2:01.91""","=""1/11/2018"""
1900,"Meitz, Kaersten","=""2:01.91""","=""5/18/2018"""
1903,"Bathurst, Ella","=""2:01.92""","=""8/9/2019"""
1904,"Dawson, Kendall","=""2:01.92""","=""8/1/2019"""
1905,"Flickinger, Hali","=""2:01.92""","=""10/30/2015"""
1906,"Forde, Brooke","=""2:01.92""","=""5/6/2017"""
1908,"Harnish, Courtney","=""2:01.92""","=""6/28/2016"""
1909,"Looney, Lindsay","=""2:01.92""","=""8/1/2019"""
1911,"Stepanek, Chloe","=""2:01.92""","=""8/7/2020"""
1912,"Cardwell, Summer","=""2:01.93""","=""11/13/2020"""
1913,"Cardwell, Summer","=""2:01.93""","=""2/15/2020"""
1914,"Deloof, Catie","=""2:01.93""","=""6/28/2017"""
1915,"Forde, Brooke","=""2:01.93""","=""11/22/2019"""
1916,"Gemmell, Erin","=""2:01.93""","=""7/12/2019"""
1920,"Stepanek, Chloe","=""2:01.93""","=""5/25/2019"""
1921,"Stout, Jordan","=""2:01.93""","=""5/18/2018"""
1922,"Dupre, Cora","=""2:01.94""","=""11/8/2019"""
1931,"Forde, Brooke","=""2:01.95""","=""12/6/2019"""
1933,"Pitzer, Lauren","=""2:01.95""","=""7/7/2017"""
1935,"Sullivan, Erica","=""2:01.95""","=""6/22/2019"""
1938,"Luther, Dakota","=""2:01.96""","=""6/28/2017"""
1940,"Pash, Kelly","=""2:01.96""","=""8/1/2019"""
1945,"Weinstein, Claire","=""2:01.96""","=""1/15/2021"""
1946,"Weyant, Emma","=""2:01.96""","=""7/12/2019"""
1949,"Kozan, Justina","=""2:01.97""","=""4/30/2021"""
1950,"Kraus, Alena","=""2:01.97""","=""8/1/2019"""
1953,"Laning, Erica","=""2:01.97""","=""6/28/2017"""
1954,"Luther, Dakota","=""2:01.97""","=""8/11/2017"""
1957,"Stout, Jordan","=""2:01.97""","=""8/1/2019"""
1959,"Weyant, Emma","=""2:01.97""","=""3/8/2019"""
1961,"Freriks, Geena","=""2:01.98""","=""7/12/2019"""
1962,"Freriks, Geena","=""2:01.98""","=""5/18/2019"""
1964,"Pfeifer, Evie","=""2:01.98""","=""1/18/2019"""
1966,"Schmidt, Sierra","=""2:01.98""","=""8/5/2016"""
1967,"Smith, Regan","=""2:01.98""","=""8/11/2016"""
1969,"Freriks, Geena","=""2:01.99""","=""1/17/2020"""
1973,"Stepanek, Chloe","=""2:01.99""","=""11/30/2018"""
1974,"Tuggle, Claire","=""2:01.99""","=""5/29/2021"""
1976,"Walsh, Gretchen","=""2:01.99""","=""8/23/2018"""
1980,"Geer, Margo","=""2:02.00""","=""4/12/2018"""
1982,"Harnish, Courtney","=""2:02.00""","=""5/6/2017"""
1983,"Heckman, Miranda","=""2:02.00""","=""6/3/2016"""
1986,"Comerford, Mallory","=""2:02.01""","=""8/5/2016"""
1990,"Ivey, Isabel","=""2:02.01""","=""11/21/2020"""
1991,"Smith, Addison","=""2:02.01""","=""8/1/2019"""
1993,"Gemmell, Erin","=""2:02.02""","=""1/30/2021"""
1997,"Cardwell, Summer","=""2:02.03""","=""1/17/2020"""
2004,"Runge, Cierra","=""2:02.03""","=""4/12/2018"""
2006,"Weyant, Emma","=""2:02.03""","=""12/6/2019"""
2007,"Ivey, Isabel","=""2:02.04""","=""5/13/2016"""
2014,"Pitzer, Lauren","=""2:02.05""","=""11/22/2019"""
2016,"Comerford, Mallory","=""2:02.06""","=""5/13/2016"""
2017,"Freriks, Geena","=""2:02.06""","=""8/5/2017"""
2018,"Gibson, Sarah","=""2:02.06""","=""1/14/2017"""
2019,"Kozan, Justina","=""2:02.06""","=""11/2/2019"""
2020,"Laning, Erica","=""2:02.06""","=""4/3/2021"""
2024,"Comerford, Mallory","=""2:02.07""","=""6/3/2016"""
2025,"Forde, Brooke","=""2:02.07""","=""5/6/2017"""
2029,"Schmidt, Sierra","=""2:02.07""","=""5/18/2019"""
2030,"Sullivan, Erica","=""2:02.07""","=""5/18/2018"""
2031,"Yelle, Haley","=""2:02.07""","=""6/22/2018"""
2035,"Cronk, Micayla","=""2:02.08""","=""4/30/2021"""
2036,"Luther, Dakota","=""2:02.08""","=""8/11/2016"""
2038,"Margalis, Melanie","=""2:02.08""","=""4/14/2017"""
2040,"Rausch, Malia","=""2:02.08""","=""3/14/2021"""
2042,"Tuggle, Claire","=""2:02.08""","=""4/7/2018"""
2043,"Valls, Kyla","=""2:02.08""","=""5/13/2016"""
2046,"Cronk, Micayla","=""2:02.09""","=""7/12/2019"""
2047,"DeLoof, Gabby","=""2:02.09""","=""11/8/2019"""
2049,"Spitz, Ayla","=""2:02.09""","=""6/23/2018"""
2053,"Gibson, Sarah","=""2:02.10""","=""5/26/2018"""
2057,"Tuggle, Claire","=""2:02.10""","=""12/6/2019"""
2058,"Valls, Kyla","=""2:02.10""","=""8/5/2017"""
2060,"DeLoof, Gabby","=""2:02.11""","=""8/5/2016"""
2062,"Hinds, Natalie","=""2:02.11""","=""5/17/2019"""
2063,"Nordin, Emma","=""2:02.11""","=""3/31/2017"""
2064,"Portz, Katie","=""2:02.11""","=""11/22/2019"""
2065,"Rasmus, Claire","=""2:02.11""","=""11/20/2015"""
2067,"Valls, Kyla","=""2:02.11""","=""7/26/2018"""
2070,"DeLoof, Gabby","=""2:02.12""","=""3/6/2020"""
2072,"Heckman, Miranda","=""2:02.12""","=""12/4/2015"""
2073,"Heckman, Miranda","=""2:02.12""","=""8/5/2016"""
2074,"Hemstreet, Karling","=""2:02.12""","=""8/1/2019"""
2078,"Ober, Ryley","=""2:02.12""","=""8/1/2019"""
2079,"Schmidt, Sierra","=""2:02.12""","=""4/14/2016"""
2082,"DeLoof, Gabby","=""2:02.13""","=""12/4/2015"""
2089,"Stepanek, Chloe","=""2:02.13""","=""1/18/2019"""
2090,"Tuggle, Claire","=""2:02.13""","=""4/11/2019"""
2093,"Dahlke, Miki","=""2:02.14""","=""4/8/2021"""
2095,"Ivey, Isabel","=""2:02.14""","=""3/3/2016"""
2096,"McLaughlin, Katie","=""2:02.14""","=""4/27/2019"""
2098,"Meitz, Kaersten","=""2:02.14""","=""3/8/2019"""
2100,"Stepanek, Chloe","=""2:02.14""","=""11/30/2018"""
2101,"Walsh, Gretchen","=""2:02.14""","=""6/1/2018"""
2102,"Atkinson, Emma","=""2:02.15""","=""8/1/2018"""
2103,"Dawson, Kendall","=""2:02.15""","=""12/13/2015"""
2105,"Harnish, Courtney","=""2:02.15""","=""6/8/2018"""
2110,"Runge, Cierra","=""2:02.15""","=""4/27/2019"""
2112,"Weitzeil, Abbey","=""2:02.15""","=""3/5/2021"""
2114,"Comerford, Mallory","=""2:02.16""","=""6/21/2018"""
2115,"Dahlke, Miki","=""2:02.16""","=""8/5/2017"""
2117,"Dupre, Cora","=""2:02.16""","=""8/9/2019"""
2118,"Gormsen, Cavan","=""2:02.16""","=""5/14/2021"""
2119,"Laning, Erica","=""2:02.16""","=""6/4/2016"""
2122,"Schmidt, Sierra","=""2:02.16""","=""8/5/2016"""
2124,"Thomas, Martina","=""2:02.16""","=""12/13/2019"""
2126,"Dolan, Abbie","=""2:02.17""","=""6/3/2017"""
2129,"Nordmann, Lillie","=""2:02.17""","=""8/1/2019"""
2131,"Spitz, Ayla","=""2:02.17""","=""8/1/2019"""
2132,"Walsh, Gretchen","=""2:02.17""","=""7/6/2018"""
2133,"Weinstein, Claire","=""2:02.17""","=""4/30/2021"""
2139,"Nordin, Emma","=""2:02.18""","=""6/28/2016"""
2141,"Pitzer, Lauren","=""2:02.18""","=""6/22/2018"""
2142,"Thomas, Martina","=""2:02.18""","=""2/27/2020"""
2143,"Brown, Erika","=""2:02.19""","=""3/5/2021"""
2144,"Dawson, Kendall","=""2:02.19""","=""7/28/2017"""
2145,"Hinds, Natalie","=""2:02.19""","=""8/1/2019"""
2147,"Madden, Paige","=""2:02.19""","=""6/3/2016"""
2148,"Miller, Hayden","=""2:02.19""","=""5/14/2021"""
2149,"Pfeifer, Evie","=""2:02.19""","=""8/1/2019"""
2153,"Cardwell, Summer","=""2:02.20""","=""3/26/2021"""
2154,"Deloof, Catie","=""2:02.20""","=""5/25/2019"""
2156,"Alons, Kylee","=""2:02.21""","=""5/18/2019"""
2157,"Brown, Erika","=""2:02.21""","=""6/28/2016"""
2159,"Drabot, Katie","=""2:02.21""","=""5/13/2016"""
2160,"Gibson, Sarah","=""2:02.21""","=""11/20/2015"""
2161,"Ivey, Isabel","=""2:02.21""","=""5/25/2019"""
2162,"Kozan, Justina","=""2:02.21""","=""1/15/2021"""
2163,"Tuggle, Claire","=""2:02.21""","=""6/25/2017"""
2164,"Brown, Erika","=""2:02.22""","=""6/14/2019"""
2166,"Dolan, Abbie","=""2:02.22""","=""6/14/2019"""
2167,"Haebig, Autumn","=""2:02.22""","=""7/31/2019"""
2169,"Ivey, Isabel","=""2:02.22""","=""6/3/2017"""
2170,"Liu, Kenisha","=""2:02.22""","=""6/16/2016"""
2171,"McLaughlin, Katie","=""2:02.22""","=""4/27/2019"""
2172,"McLaughlin, Katie","=""2:02.22""","=""4/29/2017"""
2173,"Pitzer, Lauren","=""2:02.22""","=""5/18/2018"""
2175,"Ristic, Ella","=""2:02.22""","=""7/16/2017"""
2178,"Stepanek, Chloe","=""2:02.22""","=""5/25/2019"""
2179,"Tankersley, Morgan","=""2:02.22""","=""8/11/2017"""
2180,"Weitzeil, Abbey","=""2:02.22""","=""11/12/2015"""
2184,"Meitz, Kaersten","=""2:02.23""","=""5/18/2019"""
2185,"Nordmann, Lillie","=""2:02.23""","=""7/12/2019"""
2187,"Raab, Meaghan","=""2:02.23""","=""12/6/2019"""
2188,"Roghair, Aurora","=""2:02.23""","=""6/5/2021"""
2190,"Smith, Addison","=""2:02.23""","=""6/21/2019"""
2192,"Freriks, Geena","=""2:02.24""","=""6/28/2016"""
2195,"Strouse, Ashley","=""2:02.24""","=""7/26/2018"""
2196,"Twichell, Ashley","=""2:02.24""","=""3/5/2021"""
2203,"Nordin, Emma","=""2:02.25""","=""3/31/2017"""
2206,"Felner, Gracie","=""2:02.26""","=""8/9/2019"""
2207,"Haebig, Autumn","=""2:02.26""","=""7/18/2019"""
2211,"Madden, Paige","=""2:02.26""","=""6/14/2019"""
2215,"Stege, Rachel","=""2:02.26""","=""8/1/2019"""
2217,"Weyant, Emma","=""2:02.26""","=""11/30/2018"""
2227,"Cronk, Micayla","=""2:02.28""","=""12/6/2019"""
2231,"Kraus, Alena","=""2:02.28""","=""4/11/2019"""
2234,"Pash, Kelly","=""2:02.28""","=""5/21/2021"""
2235,"Schmidt, Sierra","=""2:02.28""","=""6/4/2016"""
2237,"Wilson, Kayla","=""2:02.28""","=""8/9/2019"""
2238,"Yelle, Haley","=""2:02.28""","=""7/13/2018"""
2242,"Comerford, Mallory","=""2:02.29""","=""1/15/2021"""
2249,"Meitz, Kaersten","=""2:02.29""","=""7/23/2017"""
2250,"Pitzer, Lauren","=""2:02.29""","=""5/13/2016"""
2251,"Smith, Addison","=""2:02.29""","=""1/10/2019"""
2253,"Brown, Erika","=""2:02.30""","=""4/16/2021"""
2254,"Comerford, Mallory","=""2:02.30""","=""4/14/2016"""
2255,"Crom, Katie","=""2:02.30""","=""11/2/2019"""
2256,"Gibson, Sarah","=""2:02.30""","=""3/2/2018"""
2260,"Nordin, Emma","=""2:02.30""","=""5/18/2018"""
2262,"Schmidt, Sierra","=""2:02.30""","=""5/14/2021"""
2264,"Small, Meghan","=""2:02.30""","=""11/24/2019"""
2267,"Dawson, Kendall","=""2:02.31""","=""6/22/2019"""
2268,"Heckman, Miranda","=""2:02.31""","=""12/4/2015"""
2269,"Heckman, Miranda","=""2:02.31""","=""8/1/2019"""
2270,"Howley, Tess","=""2:02.31""","=""8/28/2020"""
2271,"Luther, Dakota","=""2:02.31""","=""6/28/2017"""
2272,"Parker, Maxine","=""2:02.31""","=""5/14/2021"""
2273,"Ristic, Ella","=""2:02.31""","=""8/5/2017"""
2274,"Roghair, Aurora","=""2:02.31""","=""4/30/2021"""
2276,"Dahlke, Miki","=""2:02.32""","=""7/14/2019"""
2277,"Dawson, Kendall","=""2:02.32""","=""12/6/2019"""
2280,"Laning, Erica","=""2:02.32""","=""7/22/2016"""
2286,"Smith, Regan","=""2:02.32""","=""8/11/2016"""
2288,"Bathurst, Ella","=""2:02.33""","=""8/3/2018"""
2294,"Dupre, Cora","=""2:02.33""","=""12/6/2019"""
2297,"Rasmus, Claire","=""2:02.33""","=""6/22/2018"""
2299,"Twichell, Ashley","=""2:02.33""","=""3/6/2020"""
2304,"Ober, Ryley","=""2:02.34""","=""6/14/2019"""
2306,"Scott, Morgan","=""2:02.34""","=""8/11/2016"""
2307,"Sullivan, Erica","=""2:02.34""","=""11/30/2018"""
2309,"Weitzeil, Abbey","=""2:02.34""","=""5/25/2019"""
2310,"Weyant, Emma","=""2:02.34""","=""3/5/2021"""
2312,"Haebig, Autumn","=""2:02.35""","=""11/30/2018"""
2320,"Barczyk, Jillian","=""2:02.36""","=""7/20/2019"""
2323,"Freriks, Geena","=""2:02.36""","=""7/15/2016"""
2324,"Harnish, Courtney","=""2:02.36""","=""6/8/2018"""
2327,"Pitzer, Lauren","=""2:02.36""","=""7/26/2018"""
2328,"Porter, Samantha","=""2:02.36""","=""5/18/2018"""
2329,"Schmidt, Sierra","=""2:02.36""","=""6/2/2017"""
2332,"Francis, Riley","=""2:02.37""","=""5/15/2021"""
2333,"Strouse, Ashley","=""2:02.37""","=""7/13/2018"""
2341,"Laning, Erica","=""2:02.38""","=""1/11/2020"""
2342,"McMurray, Olivia","=""2:02.38""","=""2/12/2021"""
2343,"Meitz, Kaersten","=""2:02.38""","=""10/5/2019"""
2345,"Strouse, Ashley","=""2:02.38""","=""4/30/2021"""
2346,"Wilson, Kayla","=""2:02.38""","=""7/19/2019"""
2351,"Meitz, Kaersten","=""2:02.39""","=""8/5/2016"""
2353,"Ristic, Ella","=""2:02.39""","=""6/28/2017"""
2355,"Bathurst, Ella","=""2:02.40""","=""4/30/2021"""
2356,"Comerford, Mallory","=""2:02.40""","=""1/15/2021"""
2357,"Fertel, Kelly","=""2:02.40""","=""7/26/2018"""
2358,"Laning, Erica","=""2:02.40""","=""6/28/2017"""
2360,"DeLoof, Gabby","=""2:02.41""","=""5/13/2016"""
2362,"Geer, Margo","=""2:02.41""","=""12/6/2019"""
2365,"Valls, Kyla","=""2:02.41""","=""6/14/2019"""
2367,"Brown, Erika","=""2:02.42""","=""5/18/2018"""
2369,"DeLoof, Gabby","=""2:02.42""","=""11/8/2019"""
2370,"Gemmell, Erin","=""2:02.42""","=""11/8/2019"""
2374,"Pish, Melissa","=""2:02.42""","=""1/10/2019"""
2376,"Tuggle, Claire","=""2:02.42""","=""7/6/2019"""
2380,"Stout, Jordan","=""2:02.43""","=""7/14/2017"""
2381,"Wilson, Kayla","=""2:02.43""","=""4/10/2021"""
2384,"Liu, Kenisha","=""2:02.44""","=""6/28/2016"""
2387,"Strouse, Ashley","=""2:02.44""","=""3/16/2019"""
2389,"Deloof, Catie","=""2:02.45""","=""2/8/2020"""
2390,"Gibson, Sarah","=""2:02.45""","=""3/2/2018"""
2398,"Ivey, Isabel","=""2:02.46""","=""1/14/2021"""
2400,"Kozan, Justina","=""2:02.46""","=""3/6/2020"""
2403,"Portz, Katie","=""2:02.46""","=""1/14/2017"""
2405,"Ristic, Ella","=""2:02.46""","=""8/1/2019"""
2409,"Ivey, Isabel","=""2:02.47""","=""8/11/2017"""
2411,"Luther, Dakota","=""2:02.47""","=""5/6/2017"""
2412,"McMurray, Olivia","=""2:02.47""","=""1/17/2020"""
2413,"Pitzer, Lauren","=""2:02.47""","=""6/4/2016"""
2416,"Valls, Kyla","=""2:02.47""","=""5/13/2016"""
2417,"Brown, Erika","=""2:02.48""","=""6/16/2018"""
2419,"Francis, Riley","=""2:02.48""","=""7/12/2019"""
2422,"Tankersley, Morgan","=""2:02.48""","=""8/11/2017"""
2426,"Madden, Paige","=""2:02.49""","=""7/21/2017"""
2433,"Heckman, Miranda","=""2:02.50""","=""6/3/2017"""
2435,"Portz, Katie","=""2:02.50""","=""1/18/2019"""
2439,"Weitzeil, Abbey","=""2:02.50""","=""5/25/2019"""
2440,"Doty, Megan","=""2:02.51""","=""7/19/2019"""
2443,"Heckman, Miranda","=""2:02.51""","=""5/21/2021"""
2445,"Spitz, Ayla","=""2:02.51""","=""6/23/2018"""
2449,"Kozan, Justina","=""2:02.52""","=""7/26/2018"""
2451,"Liu, Kenisha","=""2:02.52""","=""8/1/2019"""
2452,"Luther, Dakota","=""2:02.52""","=""2/26/2016"""
2455,"Peplowski, Anna","=""2:02.52""","=""6/5/2021"""
2458,"Twichell, Ashley","=""2:02.52""","=""11/8/2019"""
2460,"Weitzeil, Abbey","=""2:02.52""","=""11/12/2015"""
2466,"Meitz, Kaersten","=""2:02.53""","=""3/5/2021"""
2468,"Ober, Ryley","=""2:02.53""","=""8/3/2018"""
2470,"Stege, Rachel","=""2:02.53""","=""1/17/2020"""
2474,"Bathurst, Ella","=""2:02.54""","=""6/5/2021"""
2475,"Dupre, Cora","=""2:02.54""","=""6/21/2019"""
2478,"Kraus, Alena","=""2:02.54""","=""3/2/2018"""
2480,"Drabot, Katie","=""2:02.55""","=""7/22/2016"""
2481,"Freriks, Geena","=""2:02.55""","=""6/5/2016"""
2484,"Hemstreet, Karling","=""2:02.55""","=""11/22/2019"""
2485,"Huske, Torri","=""2:02.55""","=""5/14/2021"""
2489,"Portz, Katie","=""2:02.55""","=""7/7/2017"""
2491,"Weyant, Emma","=""2:02.55""","=""11/30/2018"""
2492,"Bathurst, Ella","=""2:02.56""","=""4/30/2021"""
2493,"Harnish, Courtney","=""2:02.56""","=""5/6/2017"""
2496,"Raab, Meaghan","=""2:02.56""","=""7/22/2016"""
2501,"Heckman, Miranda","=""2:02.57""","=""6/3/2017"""
2504,"Meitz, Kaersten","=""2:02.57""","=""7/23/2017"""
2505,"Pash, Kelly","=""2:02.57""","=""8/11/2016"""
2511,"Heckman, Miranda","=""2:02.58""","=""4/13/2018"""
2514,"Nordmann, Lillie","=""2:02.58""","=""11/8/2019"""
2515,"Ristic, Ella","=""2:02.58""","=""7/26/2018"""
2520,"Kraus, Alena","=""2:02.59""","=""7/26/2018"""
2525,"Pash, Kelly","=""2:02.59""","=""6/28/2017"""
2526,"Porter, Samantha","=""2:02.59""","=""6/15/2018"""
2527,"Schmitt, Allison","=""2:02.59""","=""4/27/2019"""
2530,"Weyant, Emma","=""2:02.59""","=""6/15/2019"""
2531,"Yelle, Haley","=""2:02.59""","=""1/18/2019"""
2534,"Grote, Josie","=""2:02.60""","=""7/21/2019"""
2537,"Stege, Rachel","=""2:02.60""","=""12/6/2019"""
2538,"Valls, Kyla","=""2:02.60""","=""6/16/2018"""
2545,"Gibson, Sarah","=""2:02.61""","=""7/12/2019"""
2547,"Laning, Erica","=""2:02.61""","=""7/7/2018"""
2548,"Looney, Lindsay","=""2:02.61""","=""4/3/2021"""
2549,"Manuel, Simone","=""2:02.61""","=""3/3/2016"""
2550,"Raab, Meaghan","=""2:02.61""","=""11/30/2018"""
2551,"Raab, Meaghan","=""2:02.61""","=""11/8/2019"""
2556,"Liu, Kenisha","=""2:02.62""","=""5/28/2016"""
2557,"Nordmann, Lillie","=""2:02.62""","=""2/29/2020"""
2560,"Sullivan, Erica","=""2:02.62""","=""6/22/2019"""
2562,"Gemmell, Erin","=""2:02.63""","=""5/17/2019"""
2572,"Ober, Ryley","=""2:02.64""","=""5/13/2016"""
2573,"Peplowski, Anna","=""2:02.64""","=""6/5/2021"""
2577,"Twichell, Ashley","=""2:02.64""","=""6/23/2018"""
2581,"Freriks, Geena","=""2:02.65""","=""6/3/2016"""
2582,"Gibson, Sarah","=""2:02.65""","=""1/14/2017"""
2584,"Liu, Kenisha","=""2:02.65""","=""8/11/2016"""
2586,"Nordin, Emma","=""2:02.65""","=""1/30/2021"""
2587,"Ober, Ryley","=""2:02.65""","=""8/11/2017"""
2589,"Pish, Melissa","=""2:02.65""","=""1/10/2019"""
2590,"Sims, Bella","=""2:02.65""","=""8/7/2019"""
2592,"Tuggle, Claire","=""2:02.65""","=""1/11/2018"""
2596,"Luther, Dakota","=""2:02.66""","=""6/28/2016"""
2598,"Pfeifer, Evie","=""2:02.66""","=""11/8/2019"""
2600,"Portz, Katie","=""2:02.66""","=""1/18/2019"""
2601,"Stout, Jordan","=""2:02.66""","=""6/3/2017"""
2603,"Atkinson, Emma","=""2:02.67""","=""6/22/2018"""
2604,"Comerford, Mallory","=""2:02.67""","=""4/14/2016"""
2609,"Haebig, Autumn","=""2:02.67""","=""11/30/2018"""
2610,"Laning, Erica","=""2:02.67""","=""6/22/2019"""
2620,"Harnish, Courtney","=""2:02.68""","=""5/17/2019"""
2624,"Roghair, Aurora","=""2:02.68""","=""8/2/2019"""
2627,"Caldow, Elle","=""2:02.69""","=""6/5/2021"""
2629,"DeLoof, Gabby","=""2:02.69""","=""5/13/2016"""
2631,"Hemstreet, Karling","=""2:02.69""","=""7/13/2018"""
2632,"Valls, Kyla","=""2:02.69""","=""3/3/2016"""
2635,"Dolan, Abbie","=""2:02.70""","=""6/3/2017"""
2639,"Madden, Paige","=""2:02.70""","=""8/5/2017"""
2640,"Ober, Ryley","=""2:02.70""","=""8/11/2016"""
2644,"Tuggle, Claire","=""2:02.70""","=""5/26/2018"""
2647,"Cardwell, Summer","=""2:02.71""","=""2/12/2021"""
2649,"Harnish, Courtney","=""2:02.71""","=""12/4/2015"""
2653,"Nordin, Emma","=""2:02.71""","=""6/22/2019"""
2654,"Nordin, Emma","=""2:02.71""","=""8/11/2016"""
2656,"Stege, Rachel","=""2:02.71""","=""8/7/2019"""
2659,"Comerford, Mallory","=""2:02.72""","=""4/12/2018"""
2661,"Kraus, Alena","=""2:02.72""","=""3/11/2016"""
2663,"Madden, Paige","=""2:02.72""","=""6/3/2016"""
2666,"Gemmell, Erin","=""2:02.73""","=""7/13/2018"""
2667,"Meitz, Kaersten","=""2:02.73""","=""6/23/2018"""
2668,"Runge, Cierra","=""2:02.73""","=""12/6/2019"""
2670,"Spitz, Ayla","=""2:02.73""","=""8/3/2018"""
2671,"Weitzeil, Abbey","=""2:02.73""","=""5/26/2018"""
2674,"Schmidt, Sierra","=""2:02.74""","=""5/6/2017"""
2678,"Small, Meghan","=""2:02.75""","=""11/6/2015"""
2679,"Weitzeil, Abbey","=""2:02.75""","=""6/3/2017"""
2686,"Luther, Dakota","=""2:02.76""","=""5/17/2019"""
2687,"Madden, Paige","=""2:02.76""","=""6/16/2018"""
2689,"McMurray, Olivia","=""2:02.76""","=""8/11/2017"""
2691,"Smith, Addison","=""2:02.76""","=""8/3/2018"""
2692,"Smith, Addison","=""2:02.76""","=""1/10/2019"""
2693,"Smith, Addison","=""2:02.76""","=""8/1/2019"""
2694,"Stotler, Sara","=""2:02.76""","=""4/30/2021"""
2698,"Cardwell, Summer","=""2:02.77""","=""2/12/2021"""
2701,"Drabot, Katie","=""2:02.77""","=""8/10/2016"""
2706,"Howley, Tess","=""2:02.77""","=""4/10/2021"""
2707,"Liu, Kenisha","=""2:02.77""","=""4/9/2016"""
2708,"Ober, Ryley","=""2:02.77""","=""8/11/2017"""
2709,"Pash, Kelly","=""2:02.77""","=""7/22/2016"""
2711,"Stout, Jordan","=""2:02.77""","=""7/21/2016"""
2718,"Hinds, Natalie","=""2:02.78""","=""4/11/2019"""
2721,"Pash, Kelly","=""2:02.78""","=""8/11/2017"""
2722,"Ristic, Ella","=""2:02.78""","=""5/29/2021"""
2724,"Schmidt, Sierra","=""2:02.78""","=""1/16/2016"""
2725,"Valls, Kyla","=""2:02.78""","=""7/19/2019"""
2732,"Spitz, Ayla","=""2:02.79""","=""11/11/2019"""
2733,"Stepanek, Chloe","=""2:02.79""","=""8/3/2018"""
2737,"Walsh, Alex","=""2:02.79""","=""6/21/2018"""
2738,"Alons, Kylee","=""2:02.80""","=""7/12/2019"""
2749,"Deloof, Catie","=""2:02.81""","=""6/2/2017"""
2751,"Grote, Josie","=""2:02.81""","=""7/21/2019"""
2756,"Pfeifer, Evie","=""2:02.81""","=""1/11/2018"""
2757,"Ristic, Ella","=""2:02.81""","=""12/10/2019"""
2758,"Schmidt, Sierra","=""2:02.81""","=""6/14/2019"""
2760,"Valls, Kyla","=""2:02.81""","=""7/29/2017"""
2763,"Crom, Katie","=""2:02.82""","=""7/14/2019"""
2766,"Heckman, Miranda","=""2:02.82""","=""8/5/2016"""
2768,"Hicks, Chloe","=""2:02.82""","=""7/5/2019"""
2771,"Ivey, Isabel","=""2:02.82""","=""6/28/2017"""
2772,"Laning, Erica","=""2:02.82""","=""5/18/2019"""
2774,"Pash, Kelly","=""2:02.82""","=""6/14/2019"""
2775,"Pash, Kelly","=""2:02.82""","=""3/31/2017"""
2777,"Rasmus, Claire","=""2:02.82""","=""6/10/2016"""
2781,"Weinstein, Claire","=""2:02.82""","=""5/14/2021"""
2782,"Weyant, Emma","=""2:02.82""","=""7/26/2018"""
2783,"Caldow, Elle","=""2:02.83""","=""3/29/2019"""
2787,"Pish, Melissa","=""2:02.83""","=""8/11/2017"""
2793,"Pitzer, Lauren","=""2:02.84""","=""6/4/2016"""
2800,"Hemstreet, Karling","=""2:02.85""","=""8/5/2017"""
2802,"Pfeifer, Evie","=""2:02.85""","=""3/17/2016"""
2803,"Rausch, Malia","=""2:02.85""","=""3/5/2021"""
2804,"Scott, Morgan","=""2:02.85""","=""7/14/2017"""
2806,"Stepanek, Chloe","=""2:02.85""","=""8/3/2018"""
2812,"Ristic, Ella","=""2:02.86""","=""5/25/2019"""
2813,"Scott, Morgan","=""2:02.86""","=""8/11/2017"""
2822,"Kozan, Justina","=""2:02.87""","=""5/26/2018"""
2828,"Cronk, Micayla","=""2:02.88""","=""2/12/2021"""
2830,"Felner, Gracie","=""2:02.88""","=""7/25/2019"""
2835,"Ristic, Ella","=""2:02.88""","=""11/2/2019"""
2837,"Dolan, Abbie","=""2:02.89""","=""6/16/2018"""
2839,"Haebig, Autumn","=""2:02.89""","=""8/5/2016"""
2843,"McMurray, Olivia","=""2:02.89""","=""7/7/2018"""
2845,"Meitz, Kaersten","=""2:02.89""","=""3/5/2021"""
2853,"Looney, Lindsay","=""2:02.90""","=""6/22/2019"""
2856,"Porter, Samantha","=""2:02.90""","=""8/1/2019"""
2857,"Ristic, Ella","=""2:02.90""","=""8/11/2016"""
2858,"Schmidt, Sierra","=""2:02.90""","=""6/14/2019"""
2861,"Caldow, Elle","=""2:02.91""","=""8/3/2018"""
2871,"Freriks, Geena","=""2:02.92""","=""5/12/2017"""
2872,"Geer, Margo","=""2:02.92""","=""12/4/2015"""
2874,"Madden, Paige","=""2:02.92""","=""6/16/2018"""
2878,"Miller, Hayden","=""2:02.92""","=""6/5/2021"""
2881,"Pfeifer, Evie","=""2:02.92""","=""8/10/2016"""
2882,"Pitzer, Lauren","=""2:02.92""","=""5/18/2018"""
2885,"Haebig, Autumn","=""2:02.93""","=""8/10/2016"""
2887,"Kozan, Justina","=""2:02.93""","=""6/22/2019"""
2889,"Pish, Melissa","=""2:02.93""","=""3/31/2017"""
2891,"Schmidt, Sierra","=""2:02.93""","=""5/18/2019"""
2892,"Sullivan, Erica","=""2:02.93""","=""1/17/2020"""
2894,"Ivey, Isabel","=""2:02.94""","=""5/25/2019"""
2907,"Pfeifer, Evie","=""2:02.95""","=""6/3/2018"""
2912,"Freriks, Geena","=""2:02.96""","=""3/6/2020"""
2913,"Freriks, Geena","=""2:02.96""","=""6/3/2017"""
2917,"Kozan, Justina","=""2:02.96""","=""12/6/2019"""
2920,"Ristic, Ella","=""2:02.96""","=""7/15/2018"""
2924,"Dupre, Cora","=""2:02.97""","=""8/3/2018"""
2925,"Gemmell, Erin","=""2:02.97""","=""12/6/2019"""
2926,"Gibson, Sarah","=""2:02.97""","=""5/18/2019"""
2928,"Pash, Kelly","=""2:02.97""","=""6/7/2018"""
2929,"Pfeifer, Evie","=""2:02.97""","=""1/15/2021"""
2932,"Sullivan, Erica","=""2:02.97""","=""11/30/2018"""
2936,"Yelle, Haley","=""2:02.97""","=""8/11/2016"""
2940,"Bathurst, Ella","=""2:02.98""","=""6/5/2021"""
2942,"Francis, Riley","=""2:02.98""","=""5/15/2021"""
2943,"Geer, Margo","=""2:02.98""","=""4/14/2016"""
2947,"Pash, Kelly","=""2:02.98""","=""3/29/2019"""
2948,"Schmidt, Sierra","=""2:02.98""","=""3/3/2016"""
2949,"Stepanek, Chloe","=""2:02.98""","=""5/27/2018"""
2955,"Heckman, Miranda","=""2:02.99""","=""4/13/2018"""
2958,"Spitz, Ayla","=""2:02.99""","=""8/11/2017"""
2960,"Freriks, Geena","=""2:03.00""","=""5/18/2018"""
2961,"Gemmell, Erin","=""2:03.00""","=""5/17/2019"""
2963,"Harnish, Courtney","=""2:03.00""","=""11/2/2015"""
2970,"Wilson, Kayla","=""2:03.00""","=""1/15/2021"""
2974,"Francis, Riley","=""2:03.01""","=""1/15/2021"""
2977,"Luther, Dakota","=""2:03.01""","=""6/4/2016"""
2980,"Pitzer, Lauren","=""2:03.01""","=""12/4/2015"""
2984,"Tankersley, Morgan","=""2:03.01""","=""6/9/2019"""
2985,"Weinstein, Claire","=""2:03.01""","=""11/13/2020"""
2990,"Kozan, Justina","=""2:03.02""","=""6/13/2019"""
2994,"Dawson, Kendall","=""2:03.03""","=""6/22/2019"""
3000,"Luther, Dakota","=""2:03.03""","=""6/8/2018"""
3001,"Nordin, Emma","=""2:03.03""","=""6/3/2016"""
3006,"Gibson, Sarah","=""2:03.04""","=""5/26/2018"""
3009,"Ivey, Isabel","=""2:03.04""","=""12/13/2015"""
3010,"Madden, Paige","=""2:03.04""","=""8/5/2017"""
3014,"Pfeifer, Evie","=""2:03.04""","=""1/15/2021"""
3017,"Tuggle, Claire","=""2:03.04""","=""7/6/2018"""
3020,"Atkinson, Emma","=""2:03.05""","=""5/21/2021"""
3023,"Dolan, Abbie","=""2:03.05""","=""6/23/2018"""
3027,"Heckman, Miranda","=""2:03.05""","=""11/30/2018"""
3028,"McMurray, Olivia","=""2:03.05""","=""7/7/2017"""
3034,"Spitz, Ayla","=""2:03.05""","=""4/29/2017"""
3035,"Spitz, Ayla","=""2:03.05""","=""5/25/2019"""
3044,"Raab, Meaghan","=""2:03.06""","=""5/13/2016"""
3045,"Weyant, Emma","=""2:03.06""","=""5/18/2019"""
3049,"Gemmell, Erin","=""2:03.07""","=""11/30/2018"""
3050,"Meitz, Kaersten","=""2:03.07""","=""6/28/2016"""
3051,"Meitz, Kaersten","=""2:03.07""","=""5/18/2019"""
3055,"Stepanek, Chloe","=""2:03.07""","=""8/1/2019"""
3057,"Weinstein, Claire","=""2:03.07""","=""3/5/2021"""
3059,"Gibson, Sarah","=""2:03.08""","=""6/22/2018"""
3060,"Haebig, Autumn","=""2:03.08""","=""7/7/2018"""
3062,"Pitzer, Lauren","=""2:03.08""","=""7/7/2017"""
3063,"Ristic, Ella","=""2:03.08""","=""8/5/2017"""
3065,"Schmidt, Sierra","=""2:03.08""","=""6/1/2018"""
3067,"Twichell, Ashley","=""2:03.08""","=""11/8/2019"""
3078,"Pash, Kelly","=""2:03.09""","=""3/31/2017"""
3079,"Pish, Melissa","=""2:03.09""","=""3/3/2017"""
3080,"Pitzer, Lauren","=""2:03.09""","=""5/13/2016"""
3081,"Porter, Samantha","=""2:03.09""","=""7/12/2018"""
3086,"Hemstreet, Karling","=""2:03.10""","=""7/25/2018"""
3089,"Stepanek, Chloe","=""2:03.10""","=""7/5/2019"""
3098,"Pfeifer, Evie","=""2:03.11""","=""8/2/2017"""
3099,"Smith, Addison","=""2:03.11""","=""6/5/2021"""
3101,"Stout, Jordan","=""2:03.11""","=""5/6/2017"""
3106,"Laning, Erica","=""2:03.12""","=""4/27/2019"""
3108,"Rausch, Malia","=""2:03.12""","=""3/13/2021"""
3112,"Gormsen, Cavan","=""2:03.13""","=""8/28/2020"""
3119,"Tankersley, Morgan","=""2:03.13""","=""1/14/2017"""
3126,"Pitzer, Lauren","=""2:03.14""","=""4/14/2016"""
3129,"Stepanek, Chloe","=""2:03.14""","=""2/14/2020"""
3131,"Weitzeil, Abbey","=""2:03.14""","=""6/28/2017"""
3136,"Harnish, Courtney","=""2:03.15""","=""5/21/2016"""
3140,"Luther, Dakota","=""2:03.15""","=""5/26/2017"""
3141,"Pish, Melissa","=""2:03.15""","=""8/11/2017"""
3143,"Smith, Addison","=""2:03.15""","=""6/5/2021"""
3144,"Twichell, Ashley","=""2:03.15""","=""1/14/2017"""
3145,"Walsh, Gretchen","=""2:03.15""","=""8/1/2019"""
3151,"Nordin, Emma","=""2:03.16""","=""5/13/2016"""
3156,"Weitzeil, Abbey","=""2:03.16""","=""5/27/2017"""
3166,"Meitz, Kaersten","=""2:03.17""","=""8/5/2016"""
3169,"Smith, Addison","=""2:03.17""","=""7/20/2018"""
3170,"Stepanek, Chloe","=""2:03.17""","=""8/9/2019"""
3171,"Stepanek, Chloe","=""2:03.17""","=""8/5/2017"""
3177,"DeLoof, Gabby","=""2:03.18""","=""6/3/2016"""
3183,"Rausch, Malia","=""2:03.18""","=""6/5/2021"""
3184,"Ristic, Ella","=""2:03.18""","=""7/16/2017"""
3186,"Sullivan, Erica","=""2:03.18""","=""11/13/2020"""
3190,"Drabot, Katie","=""2:03.19""","=""1/2/2016"""
3195,"Hodges, Macky","=""2:03.19""","=""1/15/2021"""
3197,"Meitz, Kaersten","=""2:03.19""","=""5/20/2017"""
3201,"Yelle, Haley","=""2:03.19""","=""7/8/2016"""
3202,"Bates, Talia","=""2:03.20""","=""7/26/2018"""
3205,"Deloof, Catie","=""2:03.20""","=""11/8/2019"""
3207,"Meitz, Kaersten","=""2:03.20""","=""6/7/2018"""
3209,"Pash, Kelly","=""2:03.20""","=""5/18/2018"""
3210,"Ristic, Ella","=""2:03.20""","=""8/3/2018"""
3217,"Dahlke, Miki","=""2:03.21""","=""8/5/2017"""
3220,"Hinds, Natalie","=""2:03.21""","=""1/17/2020"""
3224,"Atkinson, Emma","=""2:03.22""","=""7/26/2018"""
3229,"Heckman, Miranda","=""2:03.22""","=""7/26/2019"""
3230,"Heckman, Miranda","=""2:03.22""","=""6/28/2017"""
3238,"Twichell, Ashley","=""2:03.22""","=""3/3/2017"""
3242,"Barczyk, Jillian","=""2:03.23""","=""8/1/2018"""
3253,"Spitz, Ayla","=""2:03.23""","=""7/15/2018"""
3261,"Gormley, Isabel","=""2:03.24""","=""5/21/2021"""
3272,"Stout, Jordan","=""2:03.24""","=""7/21/2016"""
3275,"Drumm, Megan","=""2:03.25""","=""8/9/2019"""
3279,"Scott, Morgan","=""2:03.25""","=""8/11/2017"""
3281,"Tuggle, Claire","=""2:03.25""","=""7/7/2017"""
3282,"Weinstein, Claire","=""2:03.25""","=""1/15/2021"""
3286,"Pitzer, Lauren","=""2:03.26""","=""1/14/2017"""
3289,"Scott, Morgan","=""2:03.26""","=""6/28/2017"""
3292,"Hemstreet, Karling","=""2:03.27""","=""7/13/2018"""
3298,"Raab, Meaghan","=""2:03.27""","=""5/6/2017"""
3311,"Freriks, Geena","=""2:03.29""","=""1/3/2020"""
3312,"Madden, Paige","=""2:03.29""","=""5/18/2018"""
3315,"Stege, Rachel","=""2:03.29""","=""7/19/2019"""
3318,"Dahlke, Miki","=""2:03.30""","=""8/11/2016"""
3321,"Kozan, Justina","=""2:03.30""","=""6/23/2018"""
3325,"Schmidt, Sierra","=""2:03.30""","=""1/16/2016"""
3336,"Huske, Torri","=""2:03.31""","=""8/1/2018"""
3340,"Nero, Bailey","=""2:03.31""","=""7/7/2018"""
3343,"Schmidt, Sierra","=""2:03.31""","=""4/14/2016"""
3352,"Ristic, Ella","=""2:03.32""","=""6/22/2019"""
3353,"Ristic, Ella","=""2:03.32""","=""7/14/2019"""
3362,"Ivey, Isabel","=""2:03.33""","=""6/8/2018"""
3365,"Luther, Dakota","=""2:03.33""","=""6/4/2016"""
3366,"Pish, Melissa","=""2:03.33""","=""8/1/2019"""
3369,"Stout, Jordan","=""2:03.33""","=""6/5/2021"""
3370,"Sullivan, Erica","=""2:03.33""","=""5/1/2016"""
3379,"Freriks, Geena","=""2:03.35""","=""11/21/2015"""
3382,"Laning, Erica","=""2:03.35""","=""6/28/2016"""
3386,"Nordmann, Lillie","=""2:03.35""","=""12/6/2019"""
3387,"Ristic, Ella","=""2:03.35""","=""6/16/2016"""
3390,"Grote, Josie","=""2:03.36""","=""5/18/2019"""
3396,"Walsh, Gretchen","=""2:03.36""","=""1/10/2019"""
3400,"Deloof, Catie","=""2:03.37""","=""6/2/2017"""
3402,"Nordin, Emma","=""2:03.37""","=""4/30/2016"""
3404,"Parker, Maxine","=""2:03.37""","=""4/24/2021"""
3406,"Twichell, Ashley","=""2:03.37""","=""1/10/2019"""
3410,"Comerford, Mallory","=""2:03.38""","=""5/14/2021"""
3414,"Kraus, Alena","=""2:03.38""","=""7/10/2019"""
3420,"Raab, Meaghan","=""2:03.38""","=""1/10/2019"""
3422,"Strouse, Ashley","=""2:03.38""","=""7/21/2017"""
3429,"Ober, Ryley","=""2:03.39""","=""6/14/2019"""
3432,"Thomas, Martina","=""2:03.39""","=""8/2/2017"""
3439,"Dawson, Kendall","=""2:03.40""","=""1/11/2020"""
3443,"Laning, Erica","=""2:03.40""","=""6/17/2017"""
3445,"McMurray, Olivia","=""2:03.40""","=""4/11/2019"""
3446,"McMurray, Olivia","=""2:03.40""","=""1/17/2020"""
3453,"Smith, Regan","=""2:03.40""","=""5/14/2016"""
3455,"Weyant, Emma","=""2:03.40""","=""12/6/2019"""
3464,"Stout, Jordan","=""2:03.41""","=""8/5/2017"""
3466,"Thomas, Martina","=""2:03.41""","=""3/17/2016"""
3470,"Gibson, Sarah","=""2:03.42""","=""1/18/2019"""
3471,"Kraus, Alena","=""2:03.42""","=""6/14/2019"""
3475,"Spitz, Ayla","=""2:03.42""","=""5/27/2017"""
3476,"Stepanek, Chloe","=""2:03.42""","=""1/18/2019"""
3483,"Heckman, Miranda","=""2:03.43""","=""11/30/2018"""
3485,"Pash, Kelly","=""2:03.43""","=""8/11/2016"""
3486,"Sullivan, Erica","=""2:03.43""","=""8/23/2017"""
3487,"Weinstein, Claire","=""2:03.43""","=""4/30/2021"""
3491,"Grote, Josie","=""2:03.44""","=""6/14/2019"""
3495,"Luther, Dakota","=""2:03.44""","=""6/21/2019"""
3506,"Heckman, Miranda","=""2:03.45""","=""7/30/2016"""
3510,"Liu, Kenisha","=""2:03.45""","=""7/19/2019"""
3514,"Schmidt, Sierra","=""2:03.45""","=""5/6/2017"""
3528,"Roghair, Aurora","=""2:03.46""","=""3/11/2021"""
3541,"Pfeifer, Evie","=""2:03.47""","=""3/4/2016"""
3545,"Tuggle, Claire","=""2:03.47""","=""1/11/2018"""
3550,"Bathurst, Ella","=""2:03.48""","=""7/12/2019"""
3556,"Rausch, Malia","=""2:03.48""","=""4/30/2021"""
3557,"Ristic, Ella","=""2:03.48""","=""5/27/2017"""
3558,"Roghair, Aurora","=""2:03.48""","=""6/21/2019"""
3564,"Caldow, Elle","=""2:03.49""","=""8/3/2018"""
3565,"Caldow, Elle","=""2:03.49""","=""8/9/2019"""
3568,"Crom, Katie","=""2:03.49""","=""4/30/2021"""
3571,"Meitz, Kaersten","=""2:03.49""","=""6/3/2016"""
3573,"Stout, Jordan","=""2:03.49""","=""8/5/2017"""
3576,"Weitzeil, Abbey","=""2:03.49""","=""5/26/2018"""
3581,"Forde, Brooke","=""2:03.50""","=""12/13/2015"""
3586,"Laning, Erica","=""2:03.50""","=""12/6/2019"""
3591,"Nordin, Emma","=""2:03.50""","=""3/3/2017"""
3592,"Pasadyn, Felicia","=""2:03.50""","=""8/9/2019"""
3601,"Gemmell, Erin","=""2:03.51""","=""6/1/2019"""
3602,"Gibson, Sarah","=""2:03.51""","=""1/11/2018"""
3604,"Liu, Kenisha","=""2:03.51""","=""6/28/2017"""
3607,"Pitzer, Lauren","=""2:03.51""","=""6/22/2019"""
3608,"Portz, Katie","=""2:03.51""","=""1/14/2017"""
3610,"Tuggle, Claire","=""2:03.51""","=""1/10/2019"""
3611,"Walsh, Gretchen","=""2:03.51""","=""6/21/2018"""
3612,"Walsh, Gretchen","=""2:03.51""","=""7/6/2018"""
3618,"Kraus, Alena","=""2:03.52""","=""6/21/2018"""
3623,"Cardwell, Summer","=""2:03.53""","=""1/17/2020"""
3628,"Liu, Kenisha","=""2:03.53""","=""8/11/2016"""
3635,"Pish, Melissa","=""2:03.53""","=""8/3/2018"""
3637,"Stout, Jordan","=""2:03.53""","=""6/5/2021"""
3644,"Heckman, Miranda","=""2:03.54""","=""7/16/2017"""
3652,"Tuggle, Claire","=""2:03.54""","=""11/13/2020"""
3655,"Felner, Gracie","=""2:03.55""","=""8/9/2019"""
3663,"Ober, Ryley","=""2:03.55""","=""8/11/2016"""
3673,"Ivey, Isabel","=""2:03.56""","=""4/27/2019"""
3679,"Gemmell, Erin","=""2:03.57""","=""6/2/2018"""
3682,"McMurray, Olivia","=""2:03.57""","=""2/12/2021"""
3687,"Valls, Kyla","=""2:03.57""","=""6/28/2016"""
3688,"Valls, Kyla","=""2:03.57""","=""6/1/2019"""
3689,"Weyant, Emma","=""2:03.57""","=""2/12/2021"""
3690,"Alons, Kylee","=""2:03.58""","=""6/14/2019"""
3695,"Dahlke, Miki","=""2:03.58""","=""7/16/2017"""
3698,"Gemmell, Erin","=""2:03.58""","=""5/4/2019"""
3701,"Nero, Bailey","=""2:03.58""","=""6/13/2019"""
3702,"Nordin, Emma","=""2:03.58""","=""3/13/2016"""
3706,"Sullivan, Erica","=""2:03.58""","=""1/15/2021"""
3710,"Fertel, Kelly","=""2:03.59""","=""5/12/2017"""
3712,"Liu, Kenisha","=""2:03.59""","=""5/28/2016"""
3719,"Drabot, Katie","=""2:03.60""","=""5/27/2016"""
3722,"Pish, Melissa","=""2:03.60""","=""3/11/2016"""
3723,"Roghair, Aurora","=""2:03.60""","=""6/5/2021"""
3724,"Schmidt, Sierra","=""2:03.60""","=""3/3/2016"""
3727,"Sullivan, Erica","=""2:03.60""","=""1/10/2019"""
3728,"Weyant, Emma","=""2:03.60""","=""7/12/2019"""
3729,"Wilson, Kayla","=""2:03.60""","=""3/29/2019"""
3731,"Bates, Talia","=""2:03.61""","=""8/5/2016"""
3732,"Cronk, Micayla","=""2:03.61""","=""2/15/2020"""
3736,"Madden, Paige","=""2:03.61""","=""5/18/2018"""
3740,"Nordmann, Lillie","=""2:03.61""","=""7/12/2019"""
3741,"Thomas, Martina","=""2:03.61""","=""6/5/2021"""
3748,"Luther, Dakota","=""2:03.62""","=""6/22/2018"""
3751,"Stepanek, Chloe","=""2:03.62""","=""7/5/2019"""
3752,"Stout, Jordan","=""2:03.62""","=""6/3/2017"""
3756,"Hodges, Macky","=""2:03.63""","=""4/30/2021"""
3758,"Kozan, Justina","=""2:03.63""","=""5/24/2019"""
3759,"Kraus, Alena","=""2:03.63""","=""6/7/2018"""
3760,"Luther, Dakota","=""2:03.63""","=""5/17/2019"""
3761,"Peplowski, Anna","=""2:03.63""","=""7/12/2019"""
3763,"Stout, Jordan","=""2:03.63""","=""6/17/2016"""
3772,"Luther, Dakota","=""2:03.64""","=""5/6/2017"""
3776,"McMurray, Olivia","=""2:03.64""","=""8/11/2017"""
3778,"Nordmann, Lillie","=""2:03.64""","=""7/26/2018"""
3794,"Lopez, Rylie","=""2:03.65""","=""3/2/2019"""
3795,"Ober, Ryley","=""2:03.65""","=""3/18/2016"""
3796,"Yelle, Haley","=""2:03.65""","=""6/22/2017"""
3798,"Dahlke, Miki","=""2:03.66""","=""7/13/2018"""
3799,"Fertel, Kelly","=""2:03.66""","=""7/12/2019"""
3801,"Francis, Riley","=""2:03.66""","=""6/5/2021"""
3804,"Lopez, Rylie","=""2:03.66""","=""3/29/2019"""
3809,"Twichell, Ashley","=""2:03.66""","=""6/23/2018"""
3817,"McMurray, Olivia","=""2:03.67""","=""8/3/2018"""
3821,"Ristic, Ella","=""2:03.67""","=""7/14/2019"""
3823,"Sullivan, Erica","=""2:03.67""","=""6/9/2018"""
3825,"Valls, Kyla","=""2:03.67""","=""6/16/2018"""
3829,"Comerford, Mallory","=""2:03.68""","=""3/4/2016"""
3840,"Nordmann, Lillie","=""2:03.68""","=""3/2/2019"""
3841,"Pash, Kelly","=""2:03.68""","=""5/18/2018"""
3844,"Twichell, Ashley","=""2:03.68""","=""1/16/2016"""
3857,"Brown, Erika","=""2:03.70""","=""3/4/2016"""
3858,"Caldow, Elle","=""2:03.70""","=""8/9/2019"""
3861,"Grote, Josie","=""2:03.70""","=""5/18/2019"""
3862,"Hodges, Macky","=""2:03.70""","=""4/8/2021"""
3863,"Howley, Tess","=""2:03.70""","=""5/14/2021"""
3865,"Laning, Erica","=""2:03.70""","=""7/22/2016"""
3868,"Pash, Kelly","=""2:03.70""","=""8/2/2020"""
3869,"Ristic, Ella","=""2:03.70""","=""1/18/2020"""
3872,"Sullivan, Erica","=""2:03.70""","=""8/3/2017"""
3873,"Valls, Kyla","=""2:03.70""","=""6/14/2019"""
3874,"Walsh, Gretchen","=""2:03.70""","=""1/17/2020"""
3878,"Bathurst, Ella","=""2:03.71""","=""8/3/2018"""
3880,"Caldow, Elle","=""2:03.71""","=""6/22/2019"""
3889,"Atkinson, Emma","=""2:03.72""","=""6/21/2019"""
3900,"Brown, Erika","=""2:03.73""","=""6/4/2016"""
3903,"Dupre, Cora","=""2:03.73""","=""7/14/2019"""
3906,"Looney, Lindsay","=""2:03.73""","=""4/3/2021"""
3912,"Schmidt, Sierra","=""2:03.73""","=""11/12/2015"""
3913,"Smith, Addison","=""2:03.73""","=""5/17/2019"""
3919,"Dawson, Kendall","=""2:03.74""","=""4/8/2021"""
3920,"Geer, Margo","=""2:03.74""","=""6/21/2019"""
3933,"Rausch, Malia","=""2:03.75""","=""3/5/2021"""
3934,"Stotler, Sara","=""2:03.75""","=""8/3/2018"""
3935,"Twichell, Ashley","=""2:03.75""","=""1/10/2019"""
3936,"Twichell, Ashley","=""2:03.75""","=""1/15/2021"""
3941,"Atkinson, Emma","=""2:03.76""","=""6/22/2018"""
3942,"Geer, Margo","=""2:03.76""","=""6/4/2016"""
3947,"Parker, Maxine","=""2:03.76""","=""6/14/2019"""
3948,"Pish, Melissa","=""2:03.76""","=""3/11/2016"""
3951,"Stout, Jordan","=""2:03.76""","=""7/14/2017"""
3952,"Twichell, Ashley","=""2:03.76""","=""5/13/2016"""
3955,"Caldow, Elle","=""2:03.77""","=""6/22/2019"""
3957,"Looney, Lindsay","=""2:03.77""","=""7/26/2018"""
3959,"Meitz, Kaersten","=""2:03.77""","=""5/18/2018"""
3963,"Pfeifer, Evie","=""2:03.77""","=""8/2/2017"""
3964,"Rasmus, Claire","=""2:03.77""","=""3/5/2021"""
3968,"Barczyk, Jillian","=""2:03.78""","=""8/2/2017"""
3969,"Bates, Talia","=""2:03.78""","=""7/12/2019"""
3970,"Caldow, Elle","=""2:03.78""","=""1/10/2019"""
3974,"Huske, Torri","=""2:03.78""","=""8/1/2019"""
3975,"Kraus, Alena","=""2:03.78""","=""8/11/2017"""
3980,"Pish, Melissa","=""2:03.78""","=""8/3/2018"""
3983,"Twichell, Ashley","=""2:03.78""","=""1/15/2021"""
3984,"Twichell, Ashley","=""2:03.78""","=""3/3/2017"""
3985,"Valls, Kyla","=""2:03.78""","=""3/11/2016"""
3989,"Dupre, Cora","=""2:03.79""","=""8/3/2018"""
4003,"Hemstreet, Karling","=""2:03.80""","=""7/12/2019"""
4005,"Nero, Bailey","=""2:03.80""","=""6/13/2019"""
4012,"Dawson, Kendall","=""2:03.81""","=""6/3/2017"""
4013,"Doty, Megan","=""2:03.81""","=""6/22/2019"""
4014,"Hinds, Natalie","=""2:03.81""","=""4/11/2019"""
4016,"Luther, Dakota","=""2:03.81""","=""6/22/2018"""
4020,"Nordin, Emma","=""2:03.81""","=""6/3/2016"""
4023,"Tuggle, Claire","=""2:03.81""","=""8/2/2017"""
4025,"Bathurst, Ella","=""2:03.82""","=""7/13/2018"""
4030,"Hemstreet, Karling","=""2:03.82""","=""7/25/2018"""
4043,"Forde, Brooke","=""2:03.83""","=""4/14/2017"""
4044,"Howley, Tess","=""2:03.83""","=""4/10/2021"""
4045,"Kraus, Alena","=""2:03.83""","=""3/2/2018"""
4050,"Pash, Kelly","=""2:03.83""","=""6/3/2017"""
4052,"Valls, Kyla","=""2:03.83""","=""3/3/2016"""
4053,"Walsh, Alex","=""2:03.83""","=""6/21/2018"""
4056,"Dawson, Kendall","=""2:03.84""","=""6/3/2017"""
4059,"Haebig, Autumn","=""2:03.84""","=""7/18/2019"""
4060,"Hemstreet, Karling","=""2:03.84""","=""7/12/2019"""
4065,"Luther, Dakota","=""2:03.84""","=""6/8/2018"""
4079,"Sullivan, Erica","=""2:03.85""","=""1/15/2021"""
4080,"Thomas, Martina","=""2:03.85""","=""6/19/2016"""
4082,"Wilson, Kayla","=""2:03.85""","=""11/8/2019"""
4091,"Ristic, Ella","=""2:03.86""","=""6/23/2018"""
4098,"Bates, Talia","=""2:03.87""","=""7/7/2018"""
4100,"Luther, Dakota","=""2:03.87""","=""5/26/2017"""
4108,"Smith, Addison","=""2:03.87""","=""6/22/2018"""
4110,"Stotler, Sara","=""2:03.87""","=""8/3/2018"""
4113,"Yelle, Haley","=""2:03.87""","=""7/7/2017"""
4117,"Drumm, Megan","=""2:03.88""","=""5/19/2018"""
4119,"Fertel, Kelly","=""2:03.88""","=""5/17/2019"""
4120,"Gormsen, Cavan","=""2:03.88""","=""8/7/2020"""
4146,"Schmidt, Sierra","=""2:03.89""","=""6/1/2018"""
4151,"Gormsen, Cavan","=""2:03.90""","=""3/5/2021"""
4157,"McLaughlin, Katie","=""2:03.90""","=""12/4/2015"""
4158,"Nordmann, Lillie","=""2:03.90""","=""11/8/2019"""
4159,"Roghair, Aurora","=""2:03.90""","=""5/22/2021"""
4162,"Spitz, Ayla","=""2:03.90""","=""5/26/2018"""
4165,"Weyant, Emma","=""2:03.90""","=""5/18/2019"""
4166,"Cardwell, Summer","=""2:03.91""","=""4/30/2021"""
4172,"Thomas, Martina","=""2:03.91""","=""11/21/2020"""
4180,"Porter, Samantha","=""2:03.92""","=""4/28/2018"""
4185,"Spitz, Ayla","=""2:03.92""","=""6/22/2019"""
4186,"Stepanek, Chloe","=""2:03.92""","=""7/19/2019"""
4187,"Valls, Kyla","=""2:03.92""","=""7/8/2016"""
4188,"Weyant, Emma","=""2:03.92""","=""3/8/2019"""
4193,"Doty, Megan","=""2:03.93""","=""12/6/2019"""
4201,"McMurray, Olivia","=""2:03.93""","=""1/15/2021"""
4202,"Porter, Samantha","=""2:03.93""","=""6/14/2019"""
4205,"Scott, Morgan","=""2:03.93""","=""7/15/2016"""
4208,"Francis, Riley","=""2:03.94""","=""7/12/2019"""
4214,"Parker, Maxine","=""2:03.94""","=""5/17/2019"""
4216,"Roghair, Aurora","=""2:03.94""","=""3/6/2020"""
4217,"Small, Meghan","=""2:03.94""","=""4/8/2021"""
4219,"Stepanek, Chloe","=""2:03.94""","=""7/26/2018"""
4220,"Weitzeil, Abbey","=""2:03.94""","=""4/29/2017"""
4224,"Dahlke, Miki","=""2:03.95""","=""5/14/2021"""
4227,"Harnish, Courtney","=""2:03.95""","=""7/6/2018"""
4233,"Barczyk, Jillian","=""2:03.96""","=""6/21/2019"""
4245,"Freriks, Geena","=""2:03.97""","=""7/15/2016"""
4251,"Portz, Katie","=""2:03.97""","=""6/3/2018"""
4253,"Sims, Bella","=""2:03.97""","=""12/6/2019"""
4255,"Twichell, Ashley","=""2:03.97""","=""3/2/2018"""
4259,"Dupre, Cora","=""2:03.98""","=""8/11/2017"""
4261,"Kozan, Justina","=""2:03.98""","=""8/3/2018"""
4262,"Looney, Lindsay","=""2:03.98""","=""8/11/2017"""
4267,"Porter, Samantha","=""2:03.98""","=""5/18/2018"""
4281,"Rasmus, Claire","=""2:03.99""","=""6/21/2019"""
4285,"Yelle, Haley","=""2:03.99""","=""8/5/2017"""
4287,"Bathurst, Ella","=""2:04.00""","=""7/12/2019"""
4308,"Nero, Bailey","=""2:04.01""","=""8/5/2017"""
4310,"Roghair, Aurora","=""2:04.01""","=""8/2/2019"""
4313,"Tankersley, Morgan","=""2:04.01""","=""6/28/2016"""
4317,"Hemstreet, Karling","=""2:04.02""","=""6/21/2019"""
4318,"Nordmann, Lillie","=""2:04.02""","=""8/11/2017"""
4319,"Tankersley, Morgan","=""2:04.02""","=""3/17/2016"""
4328,"Dawson, Kendall","=""2:04.03""","=""6/28/2016"""
4332,"Huske, Torri","=""2:04.03""","=""5/24/2019"""
4333,"Ivey, Isabel","=""2:04.03""","=""4/27/2019"""
4340,"Ristic, Ella","=""2:04.03""","=""12/5/2020"""
4346,"Yelle, Haley","=""2:04.03""","=""7/8/2016"""
4349,"Dahlke, Miki","=""2:04.04""","=""8/11/2016"""
4351,"Francis, Riley","=""2:04.04""","=""4/18/2021"""
4352,"Gormsen, Cavan","=""2:04.04""","=""4/10/2021"""
4355,"Nordin, Emma","=""2:04.04""","=""7/14/2019"""
4356,"Pish, Melissa","=""2:04.04""","=""6/28/2017"""
4357,"Ristic, Ella","=""2:04.04""","=""6/23/2018"""
4373,"Ristic, Ella","=""2:04.05""","=""4/29/2017"""
4386,"Crom, Katie","=""2:04.06""","=""3/5/2021"""
4395,"Heckman, Miranda","=""2:04.07""","=""1/16/2016"""
4418,"Porter, Samantha","=""2:04.08""","=""5/18/2019"""
4422,"Francis, Riley","=""2:04.09""","=""1/15/2021"""
4435,"Barczyk, Jillian","=""2:04.10""","=""11/30/2018"""
4439,"Francis, Riley","=""2:04.10""","=""6/5/2021"""
4447,"Stege, Rachel","=""2:04.10""","=""1/17/2020"""
4455,"Gibson, Sarah","=""2:04.11""","=""4/12/2018"""
4462,"Pish, Melissa","=""2:04.11""","=""3/3/2017"""
4468,"Strouse, Ashley","=""2:04.11""","=""7/13/2018"""
4470,"Wilson, Kayla","=""2:04.11""","=""7/19/2019"""
4474,"Crom, Katie","=""2:04.12""","=""1/15/2021"""
4477,"Geer, Margo","=""2:04.12""","=""4/12/2018"""
4479,"Hemstreet, Karling","=""2:04.12""","=""7/7/2017"""
4481,"Kraus, Alena","=""2:04.12""","=""8/11/2017"""
4482,"Kraus, Alena","=""2:04.12""","=""4/11/2019"""
4498,"Cardwell, Summer","=""2:04.13""","=""7/13/2018"""
4504,"Gemmell, Erin","=""2:04.13""","=""11/30/2018"""
4520,"Lopez, Rylie","=""2:04.14""","=""7/12/2019"""
4523,"Porter, Samantha","=""2:04.14""","=""5/14/2021"""
4527,"Stout, Jordan","=""2:04.14""","=""3/4/2016"""
4528,"Sullivan, Erica","=""2:04.14""","=""4/30/2016"""
4529,"Tuggle, Claire","=""2:04.14""","=""6/17/2018"""
4537,"Hinds, Natalie","=""2:04.15""","=""3/8/2019"""
4547,"Scott, Morgan","=""2:04.15""","=""7/13/2018"""
4549,"Strouse, Ashley","=""2:04.15""","=""6/14/2019"""
4550,"Tankersley, Morgan","=""2:04.15""","=""1/16/2016"""
4554,"Cardwell, Summer","=""2:04.16""","=""7/19/2019"""
4560,"Kraus, Alena","=""2:04.16""","=""5/14/2021"""
4562,"Nordmann, Lillie","=""2:04.16""","=""6/23/2018"""
4564,"Sims, Bella","=""2:04.16""","=""1/17/2020"""
4585,"Twichell, Ashley","=""2:04.17""","=""3/3/2016"""
4586,"Walsh, Alex","=""2:04.17""","=""9/26/2020"""
4589,"Crom, Katie","=""2:04.18""","=""7/14/2019"""
4600,"Nordin, Emma","=""2:04.18""","=""6/22/2019"""
4602,"Portz, Katie","=""2:04.18""","=""6/28/2016"""
4604,"Stepanek, Chloe","=""2:04.18""","=""7/1/2018"""
4612,"Heckman, Miranda","=""2:04.19""","=""6/8/2018"""
4615,"Looney, Lindsay","=""2:04.19""","=""5/14/2021"""
4617,"Stout, Jordan","=""2:04.19""","=""6/16/2018"""
4628,"Nordin, Emma","=""2:04.20""","=""5/20/2017"""
4636,"Walsh, Alex","=""2:04.20""","=""5/18/2019"""
4645,"Drumm, Megan","=""2:04.21""","=""5/14/2021"""
4654,"Pash, Kelly","=""2:04.21""","=""3/13/2016"""
4655,"Smith, Addison","=""2:04.21""","=""8/3/2018"""
4664,"Rasmus, Claire","=""2:04.22""","=""5/19/2018"""
4668,"Weyant, Emma","=""2:04.22""","=""2/15/2020"""
4679,"Miller, Hayden","=""2:04.23""","=""2/29/2020"""
4680,"Nordmann, Lillie","=""2:04.23""","=""7/13/2018"""
4681,"Peplowski, Anna","=""2:04.23""","=""7/12/2019"""
4682,"Ristic, Ella","=""2:04.23""","=""8/5/2016"""
4686,"Bates, Talia","=""2:04.24""","=""7/12/2019"""
4690,"Dawson, Kendall","=""2:04.24""","=""7/7/2018"""
4711,"Luther, Dakota","=""2:04.25""","=""1/11/2018"""
4712,"McMurray, Olivia","=""2:04.25""","=""1/15/2021"""
4713,"Nordmann, Lillie","=""2:04.25""","=""6/28/2017"""
4716,"Spitz, Ayla","=""2:04.25""","=""7/16/2017"""
4720,"Bates, Talia","=""2:04.26""","=""6/8/2018"""
4722,"Geer, Margo","=""2:04.26""","=""6/23/2018"""
4723,"Heckman, Miranda","=""2:04.26""","=""7/15/2018"""
4724,"Huske, Torri","=""2:04.26""","=""8/1/2018"""
4745,"Hinds, Natalie","=""2:04.27""","=""1/15/2021"""
4754,"Stepanek, Chloe","=""2:04.27""","=""4/29/2018"""
4755,"Stepanek, Chloe","=""2:04.27""","=""8/5/2017"""
4756,"Stotler, Sara","=""2:04.27""","=""2/12/2021"""
4771,"Heckman, Miranda","=""2:04.28""","=""7/17/2016"""
4788,"Geer, Margo","=""2:04.29""","=""5/18/2019"""
4796,"Small, Meghan","=""2:04.29""","=""6/16/2018"""
4812,"Stege, Rachel","=""2:04.30""","=""7/19/2019"""
4817,"Crom, Katie","=""2:04.31""","=""8/1/2019"""
4822,"Howley, Tess","=""2:04.31""","=""8/9/2019"""
4823,"Laning, Erica","=""2:04.31""","=""2/14/2016"""
4825,"Nero, Bailey","=""2:04.31""","=""1/15/2021"""
4833,"Weyant, Emma","=""2:04.31""","=""7/7/2018"""
4838,"Hemstreet, Karling","=""2:04.32""","=""6/21/2019"""
4839,"Luther, Dakota","=""2:04.32""","=""3/3/2016"""
4843,"Tuggle, Claire","=""2:04.32""","=""7/14/2019"""
4851,"Stout, Jordan","=""2:04.33""","=""5/6/2017"""
4852,"Tuggle, Claire","=""2:04.33""","=""5/15/2021"""
4867,"Porter, Samantha","=""2:04.34""","=""4/27/2019"""
4869,"Rasmus, Claire","=""2:04.34""","=""5/15/2021"""
4878,"Dawson, Kendall","=""2:04.35""","=""7/8/2016"""
4880,"Haebig, Autumn","=""2:04.35""","=""12/6/2019"""
4885,"Liu, Kenisha","=""2:04.35""","=""5/26/2018"""
4892,"Stepanek, Chloe","=""2:04.35""","=""7/19/2019"""
4893,"Walsh, Gretchen","=""2:04.35""","=""6/1/2018"""
4898,"Hemstreet, Karling","=""2:04.36""","=""1/14/2017"""
4908,"Pitzer, Lauren","=""2:04.36""","=""1/14/2017"""
4919,"Drumm, Megan","=""2:04.37""","=""4/11/2019"""
4921,"Hodges, Macky","=""2:04.37""","=""4/30/2021"""
4924,"Luther, Dakota","=""2:04.37""","=""12/4/2015"""
4928,"Ober, Ryley","=""2:04.37""","=""6/9/2018"""
4930,"Porter, Samantha","=""2:04.37""","=""8/5/2016"""
4938,"Brown, Erika","=""2:04.38""","=""5/18/2018"""
4939,"Dawson, Kendall","=""2:04.38""","=""7/7/2018"""
4949,"Meitz, Kaersten","=""2:04.38""","=""6/3/2016"""
4951,"Nordmann, Lillie","=""2:04.38""","=""1/11/2018"""
4964,"Drumm, Megan","=""2:04.39""","=""6/5/2021"""
4965,"Drumm, Megan","=""2:04.39""","=""5/14/2021"""
4966,"Gemmell, Erin","=""2:04.39""","=""7/13/2018"""
4971,"Kraus, Alena","=""2:04.39""","=""7/21/2017"""
4974,"Rasmus, Claire","=""2:04.39""","=""1/16/2016"""
4977,"Stepanek, Chloe","=""2:04.39""","=""7/1/2017"""
4984,"McMurray, Olivia","=""2:04.40""","=""7/7/2018"""
4992,"Small, Meghan","=""2:04.40""","=""6/16/2018"""
4996,"Barczyk, Jillian","=""2:04.41""","=""7/21/2018"""
5012,"Bates, Talia","=""2:04.42""","=""4/7/2018"""
5022,"Strouse, Ashley","=""2:04.42""","=""3/16/2019"""
5023,"Tuggle, Claire","=""2:04.42""","=""7/6/2018"""
5038,"Roghair, Aurora","=""2:04.43""","=""6/21/2019"""
5042,"Valls, Kyla","=""2:04.43""","=""7/8/2016"""
5046,"Drumm, Megan","=""2:04.44""","=""6/8/2019"""
5050,"Laning, Erica","=""2:04.44""","=""11/12/2015"""
5053,"Nordin, Emma","=""2:04.44""","=""4/27/2019"""
5056,"Smith, Addison","=""2:04.44""","=""5/17/2019"""
5058,"Twichell, Ashley","=""2:04.44""","=""3/3/2016"""
5068,"Howley, Tess","=""2:04.45""","=""3/5/2021"""
5072,"Rasmus, Claire","=""2:04.45""","=""6/3/2018"""
5077,"Tankersley, Morgan","=""2:04.45""","=""1/14/2017"""
5082,"Bates, Talia","=""2:04.46""","=""3/10/2017"""
5089,"Gormsen, Cavan","=""2:04.46""","=""12/6/2019"""
5095,"Ristic, Ella","=""2:04.46""","=""6/14/2018"""
5096,"Scott, Morgan","=""2:04.46""","=""7/12/2019"""
5101,"Valls, Kyla","=""2:04.46""","=""8/1/2019"""
5111,"Dolan, Abbie","=""2:04.47""","=""8/5/2016"""
5121,"Atkinson, Emma","=""2:04.48""","=""5/21/2021"""
5133,"Porter, Samantha","=""2:04.48""","=""8/5/2016"""
5138,"Yelle, Haley","=""2:04.48""","=""11/12/2015"""
5141,"Comerford, Mallory","=""2:04.49""","=""3/5/2021"""
5148,"Liu, Kenisha","=""2:04.49""","=""5/29/2021"""
5154,"Ristic, Ella","=""2:04.49""","=""1/18/2020"""
5155,"Stout, Jordan","=""2:04.49""","=""3/17/2016"""
5156,"Sullivan, Erica","=""2:04.49""","=""8/11/2017"""
5162,"Cronk, Micayla","=""2:04.50""","=""6/15/2019"""
5163,"Cronk, Micayla","=""2:04.50""","=""3/8/2019"""
5165,"Gormley, Isabel","=""2:04.50""","=""5/21/2021"""
5171,"Pfeifer, Evie","=""2:04.50""","=""6/28/2016"""
5176,"Dolan, Abbie","=""2:04.51""","=""6/16/2018"""
5179,"Gibson, Sarah","=""2:04.51""","=""4/17/2016"""
5187,"Pish, Melissa","=""2:04.51""","=""5/27/2016"""
5189,"Yelle, Haley","=""2:04.51""","=""7/7/2017"""
5193,"Howley, Tess","=""2:04.52""","=""11/30/2018"""
5198,"Barczyk, Jillian","=""2:04.53""","=""11/30/2018"""
5207,"Liu, Kenisha","=""2:04.53""","=""4/8/2021"""
5221,"Dahlke, Miki","=""2:04.54""","=""7/17/2016"""
5222,"Dahlke, Miki","=""2:04.54""","=""6/3/2017"""
5230,"Pfeifer, Evie","=""2:04.54""","=""8/10/2016"""
5242,"Forde, Brooke","=""2:04.55""","=""8/2/2017"""
5250,"Pash, Kelly","=""2:04.55""","=""6/23/2018"""
5251,"Porter, Samantha","=""2:04.55""","=""7/12/2018"""
5258,"Smith, Addison","=""2:04.55""","=""5/15/2021"""
5259,"Thomas, Martina","=""2:04.55""","=""8/2/2017"""
5261,"Wilson, Kayla","=""2:04.55""","=""7/27/2018"""
5268,"Freriks, Geena","=""2:04.56""","=""5/18/2018"""
5273,"Porter, Samantha","=""2:04.56""","=""5/18/2019"""
5279,"Small, Meghan","=""2:04.56""","=""3/3/2016"""
5280,"Sullivan, Erica","=""2:04.56""","=""12/6/2019"""
5282,"Wilson, Kayla","=""2:04.56""","=""12/6/2019"""
5291,"Stege, Rachel","=""2:04.57""","=""5/14/2021"""
5308,"Bates, Talia","=""2:04.59""","=""3/11/2016"""
5310,"Cardwell, Summer","=""2:04.59""","=""1/10/2019"""
5313,"Hemstreet, Karling","=""2:04.59""","=""6/28/2016"""
5314,"Ivey, Isabel","=""2:04.59""","=""6/9/2016"""
5315,"Madden, Paige","=""2:04.59""","=""1/16/2016"""
5325,"Heckman, Miranda","=""2:04.60""","=""4/23/2016"""
5333,"Pasadyn, Felicia","=""2:04.60""","=""7/19/2019"""
5336,"Spitz, Ayla","=""2:04.60""","=""5/27/2017"""
5345,"Drumm, Megan","=""2:04.61""","=""1/10/2020"""
5347,"Forde, Brooke","=""2:04.61""","=""7/15/2016"""
5370,"Portz, Katie","=""2:04.62""","=""5/19/2018"""
5374,"Stotler, Sara","=""2:04.62""","=""2/15/2020"""
5382,"Howley, Tess","=""2:04.63""","=""7/20/2018"""
5387,"Nordin, Emma","=""2:04.63""","=""4/27/2019"""
5389,"Pash, Kelly","=""2:04.63""","=""4/30/2016"""
5392,"Smith, Regan","=""2:04.63""","=""6/22/2018"""
5393,"Valls, Kyla","=""2:04.63""","=""3/11/2016"""
5403,"Haebig, Autumn","=""2:04.64""","=""8/10/2016"""
5420,"Howley, Tess","=""2:04.65""","=""1/10/2020"""
5428,"Yelle, Haley","=""2:04.65""","=""1/11/2018"""
5430,"Geer, Margo","=""2:04.66""","=""6/28/2016"""
5439,"Barczyk, Jillian","=""2:04.67""","=""6/22/2018"""
5449,"Huske, Torri","=""2:04.67""","=""5/24/2019"""
5454,"Nordin, Emma","=""2:04.67""","=""5/13/2016"""
5458,"Sims, Bella","=""2:04.67""","=""8/7/2019"""
5459,"Tankersley, Morgan","=""2:04.67""","=""5/26/2017"""
5461,"Thomas, Martina","=""2:04.67""","=""6/5/2021"""
5466,"Barczyk, Jillian","=""2:04.68""","=""4/24/2021"""
5467,"Bates, Talia","=""2:04.68""","=""6/8/2018"""
5471,"Geer, Margo","=""2:04.68""","=""5/21/2016"""
5474,"Hemstreet, Karling","=""2:04.68""","=""8/5/2017"""
5491,"Dawson, Kendall","=""2:04.69""","=""6/28/2017"""
5494,"Huske, Torri","=""2:04.69""","=""7/12/2019"""
5511,"Kraus, Alena","=""2:04.70""","=""5/18/2019"""
5518,"Tuggle, Claire","=""2:04.70""","=""7/14/2019"""
5526,"Francis, Riley","=""2:04.71""","=""7/13/2018"""
5533,"Sullivan, Erica","=""2:04.71""","=""6/8/2019"""
5537,"Dahlke, Miki","=""2:04.72""","=""3/26/2021"""
5538,"Dolan, Abbie","=""2:04.72""","=""3/11/2016"""
5540,"Freriks, Geena","=""2:04.72""","=""6/3/2016"""
5549,"Parker, Maxine","=""2:04.72""","=""8/1/2019"""
5551,"Smith, Addison","=""2:04.72""","=""6/22/2018"""
5571,"Nordmann, Lillie","=""2:04.73""","=""6/23/2018"""
5572,"Porter, Samantha","=""2:04.73""","=""7/7/2017"""
5581,"Liu, Kenisha","=""2:04.74""","=""7/20/2018"""
5586,"Smith, Addison","=""2:04.74""","=""7/20/2018"""
5590,"Dahlke, Miki","=""2:04.75""","=""6/9/2017"""
5592,"Fertel, Kelly","=""2:04.75""","=""7/8/2016"""
5595,"Liu, Kenisha","=""2:04.75""","=""6/3/2017"""
5596,"Liu, Kenisha","=""2:04.75""","=""6/22/2019"""
5603,"Pish, Melissa","=""2:04.75""","=""6/2/2017"""
5608,"Atkinson, Emma","=""2:04.76""","=""8/1/2018"""
5612,"Cronk, Micayla","=""2:04.76""","=""7/12/2019"""
5627,"Pish, Melissa","=""2:04.76""","=""5/18/2018"""
5630,"Stepanek, Chloe","=""2:04.76""","=""7/21/2017"""
5631,"Stepanek, Chloe","=""2:04.76""","=""5/28/2017"""
5642,"Huske, Torri","=""2:04.77""","=""8/7/2019"""
5647,"Miller, Hayden","=""2:04.77""","=""8/14/2020"""
5654,"Weyant, Emma","=""2:04.77""","=""5/22/2021"""
5663,"Ristic, Ella","=""2:04.78""","=""5/26/2018"""
5670,"Bates, Talia","=""2:04.79""","=""3/9/2018"""
5675,"Dahlke, Miki","=""2:04.79""","=""7/14/2019"""
5679,"Looney, Lindsay","=""2:04.79""","=""7/27/2016"""
5695,"Drumm, Megan","=""2:04.80""","=""6/5/2021"""
5699,"Kraus, Alena","=""2:04.80""","=""6/21/2018"""
5712,"Gibson, Sarah","=""2:04.81""","=""4/12/2018"""
5717,"Hemstreet, Karling","=""2:04.81""","=""2/27/2016"""
5720,"Pasadyn, Felicia","=""2:04.81""","=""7/20/2018"""
5721,"Roghair, Aurora","=""2:04.81""","=""3/6/2020"""
5730,"Forde, Brooke","=""2:04.82""","=""1/16/2016"""
5733,"Huske, Torri","=""2:04.82""","=""7/12/2019"""
5736,"Laning, Erica","=""2:04.82""","=""5/18/2019"""
5744,"Sullivan, Erica","=""2:04.82""","=""1/10/2019"""
5746,"Barczyk, Jillian","=""2:04.83""","=""8/1/2018"""
5751,"Grote, Josie","=""2:04.83""","=""6/14/2019"""
5754,"Kozan, Justina","=""2:04.83""","=""5/26/2018"""
5759,"Pash, Kelly","=""2:04.83""","=""5/21/2016"""
5760,"Stepanek, Chloe","=""2:04.83""","=""7/21/2017"""
5762,"Stout, Jordan","=""2:04.83""","=""3/4/2016"""
5768,"Drumm, Megan","=""2:04.84""","=""8/3/2018"""
5769,"Fertel, Kelly","=""2:04.84""","=""7/8/2016"""
5801,"Thomas, Martina","=""2:04.85""","=""8/1/2019"""
5803,"Yelle, Haley","=""2:04.85""","=""8/11/2016"""
5812,"Geer, Margo","=""2:04.86""","=""1/16/2016"""
5826,"Stotler, Sara","=""2:04.86""","=""11/13/2020"""
5827,"Stotler, Sara","=""2:04.86""","=""8/9/2019"""
5834,"Gormley, Isabel","=""2:04.87""","=""7/21/2017"""
5843,"Porter, Samantha","=""2:04.87""","=""7/26/2018"""
5857,"Lopez, Rylie","=""2:04.88""","=""6/5/2021"""
5869,"Walsh, Gretchen","=""2:04.88""","=""7/26/2018"""
5881,"Portz, Katie","=""2:04.89""","=""6/9/2017"""
5899,"Hemstreet, Karling","=""2:04.90""","=""1/18/2019"""
5902,"Liu, Kenisha","=""2:04.90""","=""6/23/2018"""
5909,"Ristic, Ella","=""2:04.90""","=""8/11/2016"""
5912,"Stepanek, Chloe","=""2:04.90""","=""5/28/2017"""
5921,"Kozan, Justina","=""2:04.91""","=""6/22/2019"""
5925,"Liu, Kenisha","=""2:04.91""","=""4/30/2016"""
5929,"Portz, Katie","=""2:04.91""","=""6/9/2017"""
5941,"Gemmell, Erin","=""2:04.92""","=""5/4/2019"""
5953,"Bathurst, Ella","=""2:04.93""","=""2/15/2020"""
5955,"Dahlke, Miki","=""2:04.93""","=""1/15/2021"""
5957,"Drumm, Megan","=""2:04.93""","=""1/18/2019"""
5964,"Liu, Kenisha","=""2:04.93""","=""5/26/2018"""
5965,"Luther, Dakota","=""2:04.93""","=""6/21/2019"""
5974,"Stout, Jordan","=""2:04.93""","=""6/16/2018"""
5998,"Cardwell, Summer","=""2:04.95""","=""8/9/2019"""
5999,"Cardwell, Summer","=""2:04.95""","=""1/16/2021"""
6012,"McMurray, Olivia","=""2:04.95""","=""7/7/2017"""
6026,"Dolan, Abbie","=""2:04.96""","=""3/11/2016"""
6028,"Drabot, Katie","=""2:04.96""","=""8/5/2016"""
6031,"Heckman, Miranda","=""2:04.96""","=""6/8/2018"""
6033,"Liu, Kenisha","=""2:04.96""","=""6/23/2018"""
6047,"Bathurst, Ella","=""2:04.97""","=""7/13/2018"""
6051,"Drumm, Megan","=""2:04.97""","=""3/23/2018"""
6068,"Caldow, Elle","=""2:04.98""","=""6/5/2021"""
6075,"Tankersley, Morgan","=""2:04.98""","=""5/26/2017"""
6079,"Bates, Talia","=""2:04.99""","=""8/5/2016"""
6084,"Dolan, Abbie","=""2:04.99""","=""5/16/2021"""
6085,"Francis, Riley","=""2:04.99""","=""8/3/2018"""
6087,"Howley, Tess","=""2:04.99""","=""8/1/2019"""
6091,"Nordmann, Lillie","=""2:04.99""","=""5/18/2019"""
6093,"Strouse, Ashley","=""2:04.99""","=""5/30/2021"""
6106,"Pasadyn, Felicia","=""2:05.00""","=""6/16/2019"""
6110,"Yelle, Haley","=""2:05.00""","=""8/5/2017"""
6119,"Felner, Gracie","=""2:05.01""","=""5/24/2019"""
6132,"Pish, Melissa","=""2:05.01""","=""6/2/2017"""
6140,"Crom, Katie","=""2:05.02""","=""2/16/2019"""
6147,"Lopez, Rylie","=""2:05.02""","=""6/5/2021"""
6149,"Ober, Ryley","=""2:05.02""","=""6/4/2016"""
6195,"Comerford, Mallory","=""2:05.05""","=""4/30/2016"""
6197,"Heckman, Miranda","=""2:05.05""","=""7/17/2016"""
6205,"Smith, Regan","=""2:05.05""","=""5/5/2017"""
6209,"Crom, Katie","=""2:05.06""","=""12/6/2019"""
6239,"Spitz, Ayla","=""2:05.07""","=""4/13/2019"""
6245,"Weitzeil, Abbey","=""2:05.07""","=""4/29/2017"""
6253,"Hemstreet, Karling","=""2:05.08""","=""7/7/2017"""
6264,"Scott, Morgan","=""2:05.08""","=""7/14/2017"""
6265,"Wilson, Kayla","=""2:05.08""","=""4/10/2021"""
6277,"Miller, Hayden","=""2:05.09""","=""6/5/2021"""
6280,"Strouse, Ashley","=""2:05.09""","=""6/3/2018"""
6283,"Bates, Talia","=""2:05.10""","=""3/8/2019"""
6291,"Gormley, Isabel","=""2:05.10""","=""8/3/2018"""
6301,"Ober, Ryley","=""2:05.10""","=""11/8/2019"""
6302,"Smith, Addison","=""2:05.10""","=""5/6/2018"""
6310,"Dahlke, Miki","=""2:05.11""","=""7/13/2018"""
6312,"Drumm, Megan","=""2:05.11""","=""4/11/2019"""
6313,"Felner, Gracie","=""2:05.11""","=""6/5/2021"""
6314,"Francis, Riley","=""2:05.11""","=""5/4/2019"""
6317,"Harnish, Courtney","=""2:05.11""","=""3/3/2016"""
6324,"Stepanek, Chloe","=""2:05.11""","=""7/1/2018"""
6330,"Dawson, Kendall","=""2:05.12""","=""7/28/2017"""
6342,"Caldow, Elle","=""2:05.13""","=""1/10/2019"""
6343,"Caldow, Elle","=""2:05.13""","=""5/14/2021"""
6347,"Felner, Gracie","=""2:05.13""","=""6/5/2021"""
6355,"Porter, Samantha","=""2:05.13""","=""8/11/2017"""
6356,"Rausch, Malia","=""2:05.13""","=""8/2/2019"""
6358,"Stotler, Sara","=""2:05.13""","=""4/11/2019"""
6362,"Weyant, Emma","=""2:05.13""","=""3/2/2018"""
6363,"Wilson, Kayla","=""2:05.13""","=""11/8/2019"""
6371,"Heckman, Miranda","=""2:05.14""","=""7/16/2017"""
6372,"Kraus, Alena","=""2:05.14""","=""7/10/2019"""
6406,"Barczyk, Jillian","=""2:05.16""","=""6/22/2018"""
6413,"Hemstreet, Karling","=""2:05.16""","=""1/14/2017"""
6425,"Rasmus, Claire","=""2:05.16""","=""8/5/2016"""
6434,"Liu, Kenisha","=""2:05.17""","=""5/29/2021"""
6447,"Weyant, Emma","=""2:05.17""","=""3/2/2018"""
6456,"McMurray, Olivia","=""2:05.18""","=""3/9/2018"""
6459,"Rausch, Malia","=""2:05.18""","=""12/6/2019"""
6476,"Liu, Kenisha","=""2:05.19""","=""11/22/2019"""
6488,"Gibson, Sarah","=""2:05.20""","=""5/18/2019"""
6504,"Cronk, Micayla","=""2:05.21""","=""2/15/2020"""
6510,"Howley, Tess","=""2:05.21""","=""7/1/2018"""
6547,"Kraus, Alena","=""2:05.23""","=""3/10/2017"""
6549,"Madden, Paige","=""2:05.23""","=""11/12/2015"""
6555,"Stotler, Sara","=""2:05.23""","=""8/4/2017"""
6556,"Yelle, Haley","=""2:05.23""","=""2/27/2016"""
6572,"Stege, Rachel","=""2:05.24""","=""3/5/2021"""
6584,"Dahlke, Miki","=""2:05.25""","=""11/13/2020"""
6589,"Gormley, Isabel","=""2:05.25""","=""8/11/2017"""
6599,"Pish, Melissa","=""2:05.25""","=""7/12/2019"""
6602,"Spitz, Ayla","=""2:05.25""","=""7/16/2017"""
6621,"Barczyk, Jillian","=""2:05.27""","=""8/2/2017"""
6628,"Kozan, Justina","=""2:05.27""","=""7/27/2017"""
6632,"Parker, Maxine","=""2:05.27""","=""5/17/2019"""
6670,"Yelle, Haley","=""2:05.28""","=""7/12/2019"""
6684,"Stotler, Sara","=""2:05.29""","=""2/12/2021"""
6692,"Dahlke, Miki","=""2:05.30""","=""3/17/2016"""
6694,"Gormley, Isabel","=""2:05.30""","=""2/19/2016"""
6700,"Lopez, Rylie","=""2:05.30""","=""6/9/2019"""
6702,"Ober, Ryley","=""2:05.30""","=""5/13/2016"""
6715,"Dupre, Cora","=""2:05.31""","=""7/20/2017"""
6719,"Huske, Torri","=""2:05.31""","=""3/7/2021"""
6722,"Looney, Lindsay","=""2:05.31""","=""6/22/2019"""
6725,"Ristic, Ella","=""2:05.31""","=""12/9/2018"""
6730,"Wilson, Kayla","=""2:05.31""","=""1/17/2020"""
6733,"Caldow, Elle","=""2:05.32""","=""1/17/2020"""
6735,"Freriks, Geena","=""2:05.32""","=""5/13/2016"""
6739,"Kozan, Justina","=""2:05.32""","=""6/15/2017"""
6743,"McMurray, Olivia","=""2:05.32""","=""11/13/2020"""
6757,"Gibson, Sarah","=""2:05.33""","=""4/23/2017"""
6769,"Stout, Jordan","=""2:05.33""","=""6/17/2016"""
6770,"Sullivan, Erica","=""2:05.33""","=""8/3/2019"""
6784,"Kraus, Alena","=""2:05.34""","=""5/18/2019"""
6789,"Ristic, Ella","=""2:05.34""","=""4/30/2016"""
6796,"Cardwell, Summer","=""2:05.35""","=""1/10/2019"""
6801,"Liu, Kenisha","=""2:05.35""","=""4/9/2016"""
6820,"Crom, Katie","=""2:05.36""","=""7/15/2018"""
6832,"Pasadyn, Felicia","=""2:05.36""","=""7/19/2019"""
6833,"Peplowski, Anna","=""2:05.36""","=""8/9/2019"""
6849,"Miller, Hayden","=""2:05.37""","=""11/13/2020"""
6863,"Felner, Gracie","=""2:05.38""","=""8/1/2019"""
6866,"Kraus, Alena","=""2:05.38""","=""7/22/2016"""
6872,"Pash, Kelly","=""2:05.38""","=""6/3/2016"""
6901,"Gormsen, Cavan","=""2:05.40""","=""7/19/2019"""
6902,"Haebig, Autumn","=""2:05.40""","=""7/22/2016"""
6907,"Miller, Hayden","=""2:05.40""","=""10/9/2020"""
6910,"Strouse, Ashley","=""2:05.40""","=""5/26/2019"""
6913,"Bathurst, Ella","=""2:05.41""","=""2/15/2020"""
